1000 10
0.0607318 0.661794 0.991821 0.365368 0.364391 0.876919 0.704672 0.943327 0.107883 0.333354 
0.916929 0.634114 0.836238 0.396771 0.0301218 0.237342 0.637226 0.843287 0.0974761 0.949553 
0.353557 0.348186 0.982055 0.013947 0.257912 0.586413 0.681173 0.872707 0.221778 0.850124 
0.0979949 0.976806 0.910062 0.590442 0.0417798 0.910916 0.0320444 0.789209 0.737541 0.988708 
0.180639 0.56682 0.627064 0.975005 0.290201 0.933134 0.742149 0.0914029 0.245247 0.08652 
0.431196 0.961272 0.670614 0.168767 0.720664 0.650075 0.4344 0.880734 0.0925321 0.458449 
0.89526 0.865688 0.959197 0.622669 0.424848 0.266732 0.616321 0.579974 0.237312 0.364086 
0.956389 0.954619 0.0561235 0.698691 0.72219 0.920682 0.650472 0.588427 0.583575 0.0982696 
0.771874 0.443281 0.81695 0.639088 0.522446 0.785424 0.869991 0.657552 0.686209 0.380688 
0.592181 0.664296 0.0542009 0.387585 0.412763 0.157323 0.275307 0.930235 0.246925 0.028077 
0.263619 0.00125126 0.412214 0.938047 0.693594 0.101199 0.335368 0.322001 0.614551 0.520157 
0.33198 0.175176 0.715293 0.668661 0.239357 0.279183 0.270638 0.363384 0.184179 0.0239265 
0.300729 0.474166 0.266243 0.481613 0.974364 0.838862 0.439467 0.888607 0.787866 0.851619 
0.37138 0.192053 0.550645 0.631642 0.562365 0.817103 0.708548 0.177953 0.505905 0.311014 
0.036195 0.417066 0.171239 0.0206 0.230079 0.549058 0.589312 0.458968 0.433027 0.5992 
0.823634 0.518082 0.221534 0.580432 0.10712 0.183172 0.0874966 0.173894 0.426283 0.905637 
0.945128 0.332926 0.333628 0.289834 0.694388 0.717338 0.270302 0.251259 0.372692 0.363781 
0.179327 0.301096 0.925443 0.49913 0.691427 0.114292 0.127049 0.902127 0.6639 0.03708 
0.683645 0.720634 0.354991 0.689962 0.0484939 0.149846 0.0135502 0.322916 0.981903 0.878262 
0.166387 0.0787378 0.386059 0.70745 0.383923 0.820734 0.446974 0.251778 0.805841 0.681204 
0.614002 0.124729 0.207495 0.986816 0.448531 0.517533 0.888852 0.717277 0.873257 0.576678 
0.166509 0.153386 0.85284 0.48674 0.751213 0.870907 0.0376904 0.664144 0.79046 0.736015 
0.401807 0.968841 0.859279 0.0595416 0.405805 0.33961 0.678762 0.565264 0.71691 0.759636 
0.844966 0.328806 0.0166936 0.958129 0.34843 0.343913 0.927976 0.754784 0.166082 0.8717 
0.591906 0.452895 0.706778 0.229072 0.927183 0.187811 0.391369 0.173437 0.101535 0.63625 
0.148991 0.538957 0.247932 0.993683 0.110599 0.280953 0.955809 0.625233 0.280892 0.585162 
0.568865 0.296793 0.469985 0.197241 0.821314 0.392499 0.266427 0.629597 0.842524 0.0245369 
0.332041 0.401074 0.062624 0.442152 0.800531 0.966491 0.0494705 0.645375 0.0608844 0.49144 
0.808588 0.61034 0.706626 0.129429 0.577166 0.0321055 0.932432 0.95706 0.643666 0.991272 
0.159307 0.223487 0.223792 0.450453 0.169439 0.0709861 0.924528 0.987701 0.53209 0.382122 
0.827204 0.671865 0.601764 0.910215 0.721183 0.487045 0.86993 0.349284 0.518815 0.212165 
0.951445 0.499863 0.383679 0.161901 0.986999 0.186407 0.602619 0.694845 0.742882 0.0831629 
0.73339 0.895962 0.189245 0.104495 0.0588702 0.338969 0.838069 0.515702 0.879299 0.334758 
0.62215 0.421094 0.673269 0.572893 0.596576 0.784997 0.659597 0.561449 0.243294 0.642384 
0.790551 0.772332 0.660909 0.65508 0.707968 0.89758 0.420057 0.670095 0.693686 0.123569 
0.366466 0.435957 0.145054 0.828883 0.152196 0.133671 0.607624 0.612018 0.77691 0.878292 
0.894925 0.056032 0.919767 0.847346 0.328196 0.135136 0.344096 0.192724 0.626179 0.670522 
0.155278 0.391858 0.47618 0.74105 0.193426 0.194555 0.318766 0.455306 0.34196 0.821925 
0.375958 0.991516 0.0338755 0.57326 0.455184 0.310709 0.735954 0.497848 0.559648 0.450514 
0.693228 0.286905 0.836818 0.805078 0.714133 0.042909 0.89584 0.297342 0.278146 0.0818506 
0.0254219 0.850642 0.746788 0.425184 0.343577 0.0648518 0.959441 0.137181 0.409711 0.504318 
0.995239 0.164586 0.33137 0.502945 0.382092 0.834193 0.896359 0.89349 0.534471 0.664998 
0.760949 0.566637 0.700552 0.651051 0.226722 0.26664 0.200873 0.671194 0.636097 0.529435 
0.238807 0.182165 0.918241 0.169378 0.0648518 0.850978 0.316813 0.221595 0.775536 0.282968 
0.830622 0.745048 0.528428 0.502091 0.398053 0.393506 0.454299 0.339122 0.357494 0.160436 
0.0479446 0.384381 0.21366 0.203742 0.318674 0.661306 0.242622 0.156865 0.481796 0.676717 
0.9653 0.832636 0.472457 0.00460829 0.0215156 0.7257 0.0628987 0.0590838 0.476211 0.220252 
0.864681 0.213172 0.0875881 0.909116 0.996582 0.919614 0.570391 0.930021 0.700003 0.989654 
0.38377 0.726127 0.682974 0.686544 0.0763268 0.13654 0.473617 0.789636 0.718802 0.22306 
0.564928 0.285348 0.455885 0.739433 0.631611 0.841456 0.70867 0.649648 0.600543 0.720725 
0.0582904 0.601184 0.856014 0.290414 0.343028 0.759545 0.36079 0.783624 0.999023 0.91055 
0.974883 0.468612 0.176641 0.236213 0.75222 0.883236 0.663594 0.670919 0.497665 0.289224 
0.145665 0.243751 0.364605 0.00412 0.836726 0.313547 0.775201 0.766137 0.00915555 0.102634 
0.443648 0.788232 0.455947 0.435804 0.784875 0.658467 0.415509 0.0904569 0.48854 0.741783 
0.990814 0.664479 0.54088 0.240181 0.593738 0.367748 0.474715 0.567461 0.446394 0.644032 
0.129276 0.194464 0.669973 0.028779 0.701376 0.621418 0.992737 0.149968 0.368206 0.633412 
0.608844 0.277322 0.264321 0.495254 0.218238 0.326975 0.0929594 0.242347 0.7799 0.727378 
0.153508 0.723075 0.00885037 0.0524003 0.0662557 0.549669 0.148961 0.829035 0.975677 0.613514 
0.0519425 0.424299 0.513321 0.321055 0.0946684 0.419202 0.302042 0.206793 0.965239 0.374859 
0.282052 0.0792566 0.849696 0.397534 0.64098 0.3567 0.0504166 0.408734 0.628193 0.748405 
0.567248 0.526902 0.0356151 0.937742 0.672628 0.46617 0.625477 0.423719 0.0125126 0.359447 
0.286599 0.176916 0.26371 0.911374 0.200781 0.265938 0.879055 0.287332 0.799646 0.111057 
0.951689 0.645772 0.794305 0.520951 0.730033 0.718406 0.0581378 0.168737 0.814173 0.346355 
0.644704 0.664144 0.564959 0.376995 0.721061 0.877163 0.757714 0.828883 0.69921 0.670156 
0.0108036 0.729881 0.345286 0.694418 0.021363 0.536119 0.1489 0.40727 0.138493 0.53676 
0.733512 0.966369 0.305826 0.151341 0.588794 0.156926 0.904447 0.526322 0.906827 0.00869778 
0.527238 0.336314 0.80285 0.25837 0.21662 0.196905 0.702261 0.314097 0.19599 0.594836 
0.174444 0.87814 0.626484 0.742241 0.995697 0.88403 0.42085 0.260781 0.721274 0.904447 
0.644856 0.102237 0.549181 0.685934 0.537767 0.611591 0.755577 0.966979 0.683615 0.13892 
0.483993 0.235267 0.363689 0.106479 0.169347 0.581195 0.62212 0.93704 0.37788 0.302499 
0.0755944 0.749687 0.344401 0.417982 0.998474 0.229774 0.988037 0.745048 0.714408 0.578692 
0.687613 0.698172 0.826014 0.949919 0.598498 0.464431 0.3137 0.277749 0.79104 0.712027 
0.034669 0.905087 0.993133 0.488357 0.65389 0.91586 0.217048 0.46382 0.537522 0.579028 
0.0528581 0.177526 0.64095 0.810236 0.908536 0.441298 0.921964 0.0570391 0.97882 0.557939 
0.310404 0.514573 0.223975 0.510361 0.766228 0.0769982 0.13947 0.777673 0.45613 0.932249 
0.597766 0.934385 0.58092 0.204901 0.543779 0.689047 0.884396 0.554704 0.825159 0.518845 
0.375195 0.135868 0.938444 0.555712 0.292673 0.82461 0.972564 0.881008 0.848323 0.119785 
0.530808 0.884548 0.773614 0.624287 0.912656 0.844203 0.205969 0.512162 0.336436 0.382702 
0.943846 0.888852 0.484573 0.957457 0.601825 0.449812 0.15183 0.0397656 0.698019 0.344554 
0.279 0.14008 0.203711 0.651784 0.151952 0.334697 0.587634 0.372143 0.0484024 0.451155 
0.88522 0.344981 0.11298 0.567797 0.824915 0.994995 0.742119 0.9841 0.542009 0.315134 
0.259957 0.317881 0.911832 0.992462 0.16654 0.886013 0.0332041 0.0823695 0.739464 0.0241707 
0.893857 0.138188 0.270272 0.502548 0.747978 0.202124 0.717154 0.693472 0.238929 0.563433 
0.0543229 0.647145 0.796625 0.690909 0.100589 0.732047 0.341563 0.245094 0.107181 0.995727 
0.827265 0.577044 0.886837 0.902768 0.651357 0.619373 0.765038 0.606067 0.467147 0.576495 
0.134922 0.407117 0.427168 0.319712 0.896908 0.562578 0.38905 0.893643 0.563921 0.0921964 
0.116031 0.0402844 0.314768 0.745567 0.00262459 0.147008 0.77514 0.782769 0.356975 0.524308 
0.808863 0.726005 0.77102 0.420148 0.10007 0.738212 0.609912 0.677023 0.807642 0.784814 
0.151891 0.4373 0.0729698 0.234779 0.409589 0.804346 0.662984 0.0576495 0.164312 0.864284 
0.528489 0.272378 0.244514 0.975921 0.560472 0.804285 0.57976 0.734123 0.324351 0.40669 
0.0608539 0.513474 0.054445 0.803125 0.738701 0.998077 0.689047 0.70632 0.391278 0.604114 
0.228126 0.870785 0.992035 0.201178 0.194372 0.834559 0.108921 0.0385754 0.478927 0.506668 
0.767357 0.283151 0.353252 0.256691 0.80633 0.0744957 0.928373 0.662404 0.260567 0.504166 
0.84228 0.571917 0.799188 0.424757 0.457442 0.636494 0.752068 0.49559 0.349284 0.970367 
0.755516 0.370647 0.36671 0.0936613 0.548265 0.435743 0.0462966 0.815058 0.949278 0.000274667 
0.661428 0.209571 0.548051 0.35081 0.686941 0.349101 0.1395 0.571795 0.961699 0.940336 
0.434004 0.540452 0.329051 0.527665 0.0740989 0.00161748 0.0376293 0.416791 0.48909 0.128758 
0.682607 0.974944 0.618763 0.477859 0.969634 0.464461 0.0376904 0.739891 0.0820948 0.0661641 
0.51091 0.198431 0.933317 0.247749 0.512467 0.298868 0.0843837 0.1348 0.738517 0.234535 
0.609851 0.0395825 0.145268 0.957488 0.691275 0.804468 0.544084 0.518662 0.221046 0.11594 
0.283975 0.144932 0.197058 0.445875 0.053621 0.95819 0.189489 0.775445 0.333628 0.743706 
0.661428 0.759087 0.530412 0.673391 0.423811 0.483718 0.322977 0.390271 0.00689718 0.48027 
0.253914 0.360851 0.228614 0.143101 0.0957671 0.900967 0.74163 0.214057 0.023835 0.781854 
0.839961 0.487167 0.127262 0.822657 0.306925 0.390271 0.288858 0.375347 0.585162 0.600055 
0.965606 0.108585 0.0500809 0.346141 0.900632 0.996582 0.668264 0.561266 0.298196 0.919248 
0.821833 0.533219 0.492691 0.780114 0.579974 0.215003 0.643147 0.547929 0.199133 0.849513 
0.484298 0.128269 0.132878 0.0647908 0.665639 0.471725 0.332804 0.096469 0.709433 0.824335 
0.121708 0.293039 0.119358 0.527177 0.42024 0.561022 0.670644 0.270821 0.608356 0.905454 
0.412946 0.211188 0.802881 0.722556 0.41789 0.852901 0.832057 0.000579852 0.801324 0.106601 
0.689016 0.0850246 0.0526444 0.426374 0.744621 0.164586 0.202063 0.43321 0.501511 0.134007 
0.856624 0.931364 0.170476 0.990417 0.636982 0.72335 0.850246 0.418592 0.0456862 0.130192 
0.591968 0.722556 0.298379 0.622822 0.129948 0.758538 0.14893 0.471023 0.559374 0.0265206 
0.240455 0.816553 0.74279 0.57622 0.01236 0.075808 0.726157 0.883419 0.695822 0.0794397 
0.946043 0.353771 0.427931 0.853908 0.509049 0.609363 0.0167547 0.452223 0.324717 0.215003 
0.387463 0.739982 0.373272 0.000122074 0.241798 0.54207 0.889279 0.632557 0.961486 0.0576189 
0.742668 0.600635 0.286966 0.948454 0.798212 0.259743 0.803125 0.00750755 0.534806 0.0994598 
0.762322 0.81402 0.705741 0.887783 0.277139 0.280648 0.321238 0.848415 0.413221 0.500168 
0.73455 0.527696 0.213721 0.796625 0.112644 0.507004 0.186834 0.388104 0.0732444 0.617389 
0.287362 0.567034 0.768822 0.812067 0.923582 0.804346 0.199194 0.353679 0.0208747 0.683615 
0.0340587 0.472182 0.67336 0.0716575 0.726188 0.149388 0.414258 0.431593 0.19718 0.187262 
0.637165 0.684835 0.876827 0.215217 0.198523 0.528001 0.376751 0.793207 0.73336 0.611408 
0.580584 0.266915 0.714743 0.484848 0.431104 0.531144 0.789117 0.71749 0.196112 0.357311 
0.417829 0.0975066 0.493728 0.442183 0.356853 0.318491 0.859127 0.833216 0.00549333 0.0579547 
0.133183 0.88699 0.155614 0.855068 0.454939 0.417524 0.172216 0.693106 0.138462 0.190039 
0.137425 0.693625 0.216163 0.416425 0.988037 0.827906 0.928983 0.409497 0.178777 0.0523392 
0.945372 0.051088 0.902432 0.773888 0.589831 0.231452 0.397076 0.0518204 0.862667 0.915006 
0.373455 0.442244 0.531877 0.989715 0.0918607 0.891018 0.0784936 0.555773 0.121372 0.582232 
0.777001 0.810053 0.311411 0.14771 0.691214 0.182318 0.00778222 0.144292 0.86816 0.879971 
0.0440077 0.204688 0.50972 0.496872 0.539354 0.768639 0.404584 0.843165 0.0344859 0.800256 
0.401074 0.651906 0.996826 0.398114 0.202002 0.318949 0.225471 0.704031 0.263375 0.332316 
0.188818 0.0168767 0.0776696 0.547014 0.823939 0.517899 0.623157 0.96234 0.830988 0.513413 
0.260567 0.156682 0.992492 0.60155 0.85815 0.0375683 0.549577 0.668905 0.426618 0.0616779 
0.165838 0.123508 0.0449538 0.582232 0.510605 0.270577 0.358745 0.479507 0.992279 0.236763 
0.431715 0.730796 0.673635 0.349864 0.232185 0.0760216 0.899869 0.379559 0.535691 0.435377 
0.670705 0.545793 0.524461 0.235023 0.288064 0.701163 0.865963 0.297555 0.310251 0.593127 
0.550615 0.452742 0.344066 0.612751 0.271096 0.525559 0.706076 0.935881 0.623432 0.857295 
0.484207 0.463118 0.911863 0.0161138 0.0310678 0.465255 0.838466 0.853359 0.42024 0.339396 
0.858699 0.561693 0.896329 0.383312 0.484268 0.891598 0.850948 0.993011 0.314554 0.182287 
0.3549 0.190954 0.0776391 0.363231 0.778466 0.890255 0.462539 0.58272 0.530778 0.801386 
0.0235603 0.619587 0.449599 0.388165 0.938414 0.734458 0.872799 0.778283 0.900601 0.11655 
0.922452 0.0354015 0.928404 0.58272 0.0335093 0.699057 0.370739 0.684225 0.257515 0.997864 
0.891781 0.878567 0.37315 0.6433 0.714988 0.921354 0.334422 0.609546 0.908597 0.135777 
0.0884121 0.805933 0.993103 0.714866 0.293039 0.0483108 0.652272 0.713126 0.966582 0.23545 
0.829005 0.884457 0.600116 0.136692 0.987213 0.0211493 0.764153 0.697378 0.820826 0.952086 
0.740501 0.267708 0.191534 0.854335 0.210974 0.662313 0.576159 0.0364696 0.533738 0.455458 
0.804834 0.848109 0.639058 0.419416 0.372051 0.872829 0.0752892 0.511185 0.100528 0.0608234 
0.236488 0.314615 0.440352 0.95703 0.303049 0.343791 0.183782 0.68099 0.926359 0.113834 
0.877743 0.815455 0.188757 0.385815 0.714164 0.858943 0.870571 0.491379 0.180883 0.399335 
0.554369 0.144108 0.253029 0.664235 0.598926 0.643117 0.406751 0.604511 0.513382 0.875668 
0.236579 0.167455 0.762902 0.0247505 0.957549 0.915647 0.5374 0.388318 0.573138 0.647389 
0.514512 0.215339 0.990936 0.17597 0.147496 0.966674 0.866085 0.92288 0.510392 0.905209 
0.455275 0.481857 0.230506 0.422742 0.261299 0.810053 0.540544 0.00943022 0.74984 0.202124 
0.980621 0.271828 0.920042 0.704154 0.782311 0.906247 0.00967437 0.122806 0.465499 0.0332041 
0.116367 0.286813 0.679281 0.799951 0.0160833 0.716544 0.81811 0.656026 0.960051 0.357891 
0.445112 0.209632 0.73159 0.537156 0.0527055 0.0699484 0.743919 0.792566 0.192663 0.582171 
0.460097 0.739189 0.506516 0.861141 0.916776 0.62328 0.687582 0.0304575 0.632221 0.722373 
0.905972 0.0726951 0.68099 0.247017 0.7275 0.197028 0.215217 0.901273 0.0582598 0.130894 
0.215033 0.757042 0.145695 0.24189 0.748283 0.599719 0.167638 0.895596 0.521409 0.400128 
0.440291 0.956236 0.00265511 0.0703757 0.776879 0.836146 0.898892 0.158513 0.0278024 0.000305185 
0.266793 0.639332 0.333628 0.332224 0.0405591 0.456893 0.122318 0.267129 0.256539 0.975463 
0.381878 0.0995209 0.756371 0.994598 0.239357 0.370373 0.650197 0.485153 0.378307 0.740684 
0.320597 0.702384 0.324686 0.257851 0.248848 0.831751 0.133763 0.420759 0.444777 0.824732 
0.508255 0.949828 0.761315 0.580004 0.879604 0.668447 0.875149 0.126682 0.483169 0.402142 
0.214484 0.965789 0.959136 0.301431 0.615467 0.22599 0.509537 0.494705 0.988372 0.79046 
0.143925 0.477523 0.77459 0.0500504 0.0433668 0.144505 0.476241 0.440474 0.575457 0.870144 
0.0390027 0.418043 0.99057 0.544237 0.369915 0.0319224 0.331248 0.969329 0.770867 0.747826 
0.58565 0.525163 0.569781 0.680044 0.616382 0.50737 0.730125 0.888089 0.895932 0.0457778 
0.719993 0.893735 0.580004 0.00967437 0.42262 0.0753197 0.950133 0.804956 0.368664 0.0950652 
0.756493 0.470595 0.072512 0.0158696 0.492508 0.980071 0.753014 0.263924 0.132145 0.153996 
0.220099 0.0930204 0.361644 0.0904874 0.209387 0.707419 0.83639 0.519272 0.944273 0.698843 
0.49443 0.98587 0.208655 0.954466 0.458205 0.272011 0.710288 0.691458 0.554918 0.959136 
0.0162358 0.775292 0.987671 0.539811 0.842433 0.976928 0.188147 0.985168 0.977233 0.326029 
0.382183 0.172979 0.621632 0.216224 0.899319 0.0837733 0.426496 0.418226 0.757988 0.170476 
0.00817896 0.657582 0.557329 0.808222 0.224158 0.913297 0.206549 0.230567 0.98938 0.0930509 
0.524003 0.858241 0.915311 0.242073 0.236 0.426618 0.552019 0.940977 0.407849 0.818506 
0.515458 0.0495315 0.837428 0.00790429 0.280343 0.452681 0.442976 0.0218513 0.920652 0.96411 
0.176366 0.325449 0.578417 0.0447401 0.492996 0.537614 0.942473 0.492111 0.909299 0.882656 
0.51796 0.755974 0.679922 0.284768 0.968413 0.0377209 0.124821 0.511185 0.310984 0.829249 
0.638173 0.270394 0.246895 0.047029 0.910276 0.671773 0.407392 0.418806 0.393323 0.952818 
0.797449 0.277841 0.542985 0.879971 0.217597 0.422193 0.866176 0.729911 0.945891 0.194159 
0.306864 0.256813 0.460372 0.437239 0.00140385 0.552446 0.48442 0.485672 0.933653 0.20484 
0.135197 0.844081 0.521928 0.662374 0.456923 0.712272 0.669271 0.208716 0.120243 0.012299 
0.30723 0.455947 0.568926 0.0736412 0.965484 0.760979 0.394818 0.632893 0.397748 0.472243 
0.222907 0.303842 0.796045 0.412885 0.887112 0.175176 0.623524 0.506241 0.178411 0.690664 
0.598254 0.950285 0.946745 0.469161 0.858211 0.847194 0.837184 0.220313 0.83932 0.694205 
0.442579 0.412152 0.897855 0.641926 0.153264 0.846858 0.207739 0.926786 0.485305 0.80108 
0.965026 0.383068 0.168371 0.886837 0.429762 0.441939 0.775018 0.289438 0.837489 0.522355 
0.171758 0.538713 0.710715 0.22132 0.573992 0.469375 0.602283 0.20893 0.48558 0.527451 
0.801508 0.23487 0.304331 0.0785241 0.0345164 0.152562 0.874996 0.87405 0.689962 0.366832 
0.770501 0.332316 0.601337 0.612049 0.58327 0.790033 0.917264 0.466262 0.00711081 0.38081 
0.0907926 0.508286 0.992004 0.697012 0.519303 0.523118 0.75161 0.890835 0.86578 0.662862 
0.906278 0.371258 0.593188 0.96878 0.541673 0.752922 0.742912 0.160955 0.464736 0.21308 
0.48854 0.101932 0.438185 0.913388 0.496445 0.840052 0.674856 0.641621 0.624012 0.639454 
0.372784 0.33137 0.987243 0.902768 0.572985 0.614093 0.928556 0.39201 0.120365 0.0609455 
0.916501 0.655477 0.00961333 0.270486 0.907987 0.0649739 0.897031 0.457991 0.204871 0.371471 
0.0594806 0.703146 0.336161 0.184057 0.582354 0.512253 0.996307 0.279214 0.0566424 0.85107 
0.571764 0.146306 0.567492 0.304453 0.286782 0.67571 0.254799 0.519669 0.499283 0.395703 
0.227485 0.588397 0.178503 0.164586 0.112339 0.525254 0.0956755 0.723991 0.0190435 0.497726 
0.758599 0.0196539 0.20246 0.964507 0.621754 0.696493 0.203253 0.378185 0.603076 0.673055 
0.748497 0.608966 0.43849 0.202887 0.193121 0.744682 0.905759 0.328349 0.783837 0.424726 
0.4485 0.132969 0.526292 0.363018 0.232154 0.69924 0.937315 0.216803 0.16245 0.177465 
0.462752 0.45732 0.898434 0.872433 0.843165 0.398785 0.390454 0.753716 0.207373 0.0417493 
0.975219 0.296091 0.176336 0.887295 0.558397 0.0565203 0.757683 0.377789 0.916623 0.893246 
0.312601 0.121464 0.649525 0.234046 0.376415 0.555986 0.81399 0.299722 0.613636 0.207709 
0.770653 0.688375 0.689261 0.203223 0.275002 0.227821 0.33723 0.188879 0.343669 0.50145 
0.407453 0.314737 0.927458 0.954375 0.172491 0.439192 0.922025 0.985778 0.675497 0.210913 
0.548112 0.933988 0.399976 0.183447 0.631886 0.36024 0.043672 0.619678 0.816828 0.537522 
0.676748 0.141758 0.238838 0.55089 0.065981 0.883206 0.695212 0.91522 0.446669 0.298929 
0.839137 0.116703 0.522477 0.290078 0.430677 0.984954 0.975524 0.799158 0.176 0.300424 
0.267098 0.532426 0.185308 0.54564 0.0110477 0.965392 0.581378 0.204169 0.700308 0.287729 
0.289773 0.515458 0.0683004 0.443983 0.541917 0.0904569 0.866695 0.926115 0.122196 0.295144 
0.339702 0.474227 0.890683 0.807825 0.177709 0.342082 0.61214 0.256233 0.23011 0.282754 
0.623402 0.341563 0.759331 0.911832 0.369427 0.354381 0.517136 0.603229 0.340007 0.489761 
0.424543 0.57506 0.438093 0.86758 0.136204 0.320719 0.310923 0.663778 0.271218 0.0422071 
0.675344 0.25956 0.590777 0.241432 0.168493 0.814203 0.90466 0.126255 0.755272 0.167943 
0.987365 0.98703 0.223395 0.481521 0.285226 0.199988 0.797998 0.517685 0.695883 0.0142216 
0.40614 0.972137 0.201086 0.777825 0.623432 0.759148 0.634632 0.759545 0.833277 0.658773 
0.365795 0.222938 0.630268 0.231452 0.180578 0.908383 0.999023 0.406598 0.141026 0.579394 
0.299722 0.65099 0.70452 0.790033 0.59151 0.123844 0.884121 0.528977 0.324747 0.724296 
0.73104 0.896908 0.934263 0.437605 0.920804 0.473342 0.363567 0.886654 0.72393 0.52916 
0.0525224 0.494613 0.142857 0.74105 0.418836 0.165258 0.496139 0.564196 0.36491 0.887082 
0.230811 0.919523 0.841548 0.167455 0.245094 0.351268 0.99942 0.70336 0.501511 0.312143 
0.959716 0.194159 0.212745 0.730979 0.73516 0.703879 0.380749 0.52031 0.33256 0.47795 
0.970763 0.179662 0.56859 0.621784 0.501083 0.150395 0.629261 0.546495 0.330607 0.0792261 
0.905087 0.588824 0.424299 0.645833 0.132817 0.710837 0.878903 0.111393 0.375103 0.686087 
0.989288 0.244026 0.869167 0.678518 0.137333 0.777398 0.275857 0.61977 0.284371 0.0586261 
0.360759 0.292032 0.348003 0.0423597 0.637532 0.521928 0.245369 0.286294 0.00582904 0.392071 
0.88348 0.105106 0.914701 0.8764 0.877987 0.538926 0.0820643 0.805719 0.28193 0.292337 
0.302866 0.569414 0.105411 0.300516 0.375561 0.459792 0.907407 0.078402 0.679739 0.0654317 
0.241249 0.509415 0.434736 0.619221 0.23487 0.229835 0.171667 0.708029 0.0869472 0.265145 
0.449263 0.250038 0.76046 0.0746483 0.345164 0.145512 0.65453 0.660512 0.75399 0.508042 
0.536485 0.897275 0.023072 0.881832 0.514267 0.73867 0.957732 0.351787 0.331767 0.457564 
0.726249 0.952269 0.767266 0.575091 0.697317 0.280984 0.41673 0.635823 0.739708 0.724265 
0.643239 0.484664 0.0163884 0.199744 0.973479 0.202033 0.804193 0.823206 0.723014 0.353648 
0.369488 0.40495 0.131046 0.710562 0.432569 0.183203 0.78637 0.0967742 0.250618 0.699423 
0.625538 0.519517 0.851222 0.222846 0.284524 0.239265 0.447554 0.630146 0.0852077 0.935392 
0.566393 0.146031 0.43788 0.623798 0.920408 0.851833 0.940825 0.482589 0.55565 0.367687 
0.958678 0.242561 0.305765 0.614887 0.960448 0.297952 0.0842616 0.0645772 0.398541 0.194464 
0.0455336 0.378887 0.410016 0.650288 0.146672 0.851131 0.121403 0.766839 0.140751 0.550768 
0.838282 0.584857 0.532884 0.580096 0.900845 0.64272 0.530625 0.348094 0.486862 0.692923 
0.5197 0.268471 0.142918 0.232826 0.0963164 0.7875 0.325663 0.00637837 0.187384 0.148259 
0.733848 0.132542 0.289956 0.797723 0.712851 0.0171209 0.360942 0.842158 0.512528 0.70397 
0.388531 0.458052 0.680013 0.821741 0.176519 0.664327 0.368297 0.782952 0.372692 0.361644 
0.842402 0.390881 0.272774 0.0463271 0.963622 0.511185 0.430799 0.103641 0.934019 0.963988 
0.60744 0.0878323 0.081576 0.2931 0.0876797 0.894589 0.967834 0.568529 0.898556 0.232307 
0.598773 0.878048 0.958708 0.298624 0.0208136 0.664876 0.690909 0.0679342 0.0826746 0.567186 
0.128513 0.0968352 0.644337 0.915647 0.0475478 0.253243 0.0146489 0.54564 0.155156 0.275552 
0.899014 0.0801416 0.866146 0.568133 0.637318 0.339457 0.698691 0.1395 0.0150151 0.0341502 
0.820246 0.0892972 0.427198 0.397687 0.775323 0.550218 0.677419 0.914304 0.925932 0.491379 
0.192694 0.799341 0.63628 0.289285 0.935911 0.387463 0.732963 0.472488 0.796381 0.0854518 
0.271584 0.546587 0.740379 0.0455947 0.141453 0.305155 0.502823 0.216193 0.539232 0.533647 
0.100833 0.925108 0.843135 0.511917 0.951292 0.652821 0.918729 0.221839 0.872646 0.15128 
0.387616 0.666341 0.753258 0.564623 0.890255 0.205756 0.16657 0.708029 0.874142 0.318552 
0.715201 0.161168 0.938597 0.691427 0.384228 0.332255 0.267647 0.0462355 0.686178 0.149144 
0.181799 0.609516 0.877834 0.533525 0.340434 0.63036 0.0305185 0.314554 0.625446 0.853847 
0.235633 0.738395 0.23838 0.355724 0.725516 0.229499 0.041139 0.644459 0.192053 0.560167 
0.672475 0.437178 0.0838649 0.0845363 0.470779 0.0159307 0.162755 0.193304 0.73516 0.570025 
0.101688 0.645436 0.355235 0.43083 0.404798 0.932951 0.341716 0.605945 0.430891 0.335307 
0.288339 0.517716 0.801843 0.819453 0.296823 0.353771 0.976928 0.441725 0.395856 0.93466 
0.274331 0.408032 0.985687 0.505387 0.121403 0.448592 0.339183 0.357341 0.81457 0.663137 
0.690725 0.686209 0.569933 0.493301 0.944487 0.592547 0.146855 0.978088 0.532823 0.631306 
0.824458 0.948729 0.456526 0.816248 0.0128788 0.319468 0.0377514 0.485916 0.281167 0.130161 
0.417463 0.936979 0.0815455 0.496933 0.327677 0.231391 0.953093 0.127567 0.170934 0.0840175 
0.484359 0.557451 0.937346 0.235939 0.817682 0.762383 0.990844 0.220893 0.975402 0.30491 
0.255745 0.930357 0.789605 0.669668 0.835231 0.88348 0.716697 0.944792 0.592364 0.608814 
0.318186 0.505081 0.725394 0.0432142 0.688253 0.853542 0.868587 0.354747 0.61034 0.277017 
0.749504 0.0956145 0.723197 0.473128 0.934233 0.0914945 0.478011 0.803522 0.691763 0.973388 
0.167913 0.330699 0.508774 0.758202 0.810907 0.29429 0.286081 0.384655 0.167394 0.182897 
0.747917 0.610431 0.674154 0.0579241 0.0952483 0.176519 0.575121 0.285623 0.434858 0.646168 
0.0309458 0.333689 0.0145878 0.823054 0.488357 0.788415 0.796869 0.156438 0.0902127 0.248726 
0.401044 0.0386364 0.408338 0.253914 0.946471 0.401196 0.279275 0.900052 0.82693 0.516373 
0.0253914 0.302652 0.948057 0.409925 0.841517 0.561418 0.458968 0.791284 0.629078 0.382397 
0.509171 0.907682 0.0588702 0.0156255 0.0621357 0.228492 0.143315 0.662648 0.296945 0.365612 
0.0998566 0.0114139 0.628681 0.136692 0.786706 0.0542924 0.879604 0.176977 0.491867 0.845485 
0.631764 0.00637837 0.357341 0.354106 0.292611 0.957793 0.218909 0.0694296 0.90463 0.873012 
0.143376 0.514176 0.230384 0.972533 0.444411 0.322062 0.144383 0.805322 0.457961 0.0365612 
0.862545 0.68508 0.858791 0.286142 0.0409558 0.518815 0.799341 0.492843 0.275216 0.434492 
0.651967 0.770531 0.0309458 0.113712 0.636128 0.168493 0.537736 0.235633 0.111301 0.917295 
0.676656 0.938566 0.817499 0.832575 0.393719 0.705191 0.84405 0.533555 0.669729 0.578234 
0.608203 0.632099 0.577776 0.112094 0.624989 0.548723 0.460372 0.967376 0.348827 0.111789 
0.756615 0.553789 0.869259 0.596362 0.511093 0.628651 0.740928 0.358409 0.095706 0.256478 
0.729911 0.721366 0.175634 0.0360424 0.757134 0.270394 0.450575 0.00140385 0.82046 0.211798 
0.202857 0.103061 0.176366 0.952391 0.183172 0.675314 0.562792 0.5562 0.865688 0.796136 
0.744072 0.234596 0.603351 0.946257 0.159581 0.525346 0.714988 0.872768 0.957121 0.317667 
0.0351878 0.0644856 0.192053 0.379376 0.958525 0.744865 0.474227 0.541856 0.508621 0.788293 
0.842708 0.199896 0.464736 0.467086 0.150975 0.281838 0.0754418 0.434462 0.74279 0.346965 
0.391888 0.850093 0.700095 0.966033 0.751183 0.0545061 0.445051 0.0410779 0.441694 0.698752 
0.976348 0.221259 0.0810266 0.735099 0.521561 0.0702536 0.738365 0.175512 0.88702 0.142247 
0.331736 0.0239265 0.286019 0.622089 0.332591 0.288614 0.926847 0.686178 0.307627 0.480667 
0.141697 0.240577 0.330271 0.505448 0.338237 0.192053 0.792169 0.352458 0.554064 0.908567 
0.646535 0.490738 0.896542 0.025544 0.614338 0.374981 0.648244 0.25428 0.384625 0.969909 
0.319926 0.348216 0.340159 0.697989 0.431867 0.883847 0.839839 0.717338 0.30491 0.0122684 
0.588885 0.936247 0.64272 0.837886 0.1283 0.669668 0.186132 0.579943 0.974609 0.345256 
0.221198 0.173833 0.441084 0.163915 0.221809 0.468032 0.672445 0.122074 0.408338 0.672872 
0.922941 0.301126 0.503739 0.217597 0.610248 0.83108 0.468032 0.671987 0.176153 0.434187 
0.492508 0.888363 0.284707 0.954711 0.0350047 0.0209052 0.389782 0.781457 0.177587 0.578112 
0.202979 0.569201 0.0873745 0.164312 0.093173 0.164922 0.862606 0.0675375 0.948973 0.145604 
0.544267 0.348704 0.535112 0.873501 0.575365 0.589557 0.874691 0.475295 0.488479 0.954527 
0.687551 0.651265 0.103122 0.723808 0.416852 0.720878 0.0142216 0.953063 0.874752 0.810816 
0.652699 0.416364 0.0381787 0.591968 0.699698 0.488693 0.0268868 0.47148 0.135533 0.124119 
0.793725 0.645985 0.704733 0.585803 0.559343 0.922666 0.0780358 0.0843532 0.522385 0.713858 
0.493484 0.980712 0.876186 0.112033 0.15659 0.709311 0.663289 0.45085 0.182134 0.0788293 
0.499344 0.25895 0.357799 0.105655 0.697195 0.012421 0.51149 0.0368053 0.822565 0.592608 
0.763543 0.719047 0.212836 0.854915 0.444594 0.969298 0.490005 0.2154 0.961241 0.103671 
0.598529 0.661245 0.389508 0.281045 0.400464 0.0910977 0.0788903 0.816828 0.358226 0.391949 
0.0467849 0.124149 0.336192 0.15833 0.445479 0.438215 0.0532853 0.460707 0.882443 0.979858 
0.216681 0.568621 0.875729 0.714896 0.868709 0.0352794 0.225105 0.365642 0.977722 0.0498367 
0.580615 0.830378 0.804498 0.463271 0.989319 0.667348 0.0751671 0.394452 0.702322 0.799463 
0.492141 0.822718 0.0225227 0.0960112 0.614032 0.0726951 0.474563 0.987579 0.636067 0.598193 
0.0783105 0.770165 0.102145 0.971068 0.00750755 0.755455 0.0798669 0.481368 0.413709 0.922605 
0.829402 0.255348 0.698172 0.228553 0.497971 0.296854 0.0118412 0.232582 0.871212 0.359172 
0.265389 0.191656 0.711783 0.0529496 0.429884 0.282785 0.717826 0.0969878 0.410138 0.108402 
0.631275 0.117496 0.271371 0.141423 0.528062 0.902676 0.100528 0.265755 0.821253 0.518571 
0.284005 0.0690939 0.00811792 0.192511 0.482131 0.0435499 0.692892 0.370312 0.0824305 0.351054 
0.915769 0.853694 0.412885 0.309153 0.320109 0.42375 0.495682 0.254067 0.188849 0.857479 
0.623585 0.936766 0.880947 0.742515 0.539872 0.108493 0.699637 0.997528 0.502762 0.452132 
0.723869 0.503555 0.0159917 0.515336 0.633351 0.753166 0.506943 0.802057 0.059389 0.923154 
0.732536 0.678274 0.492294 0.277657 0.195807 0.248787 0.276376 0.307413 0.352916 0.860653 
0.724662 0.511582 0.892453 0.389813 0.883389 0.228309 0.868496 0.967559 0.978545 0.42085 
0.968261 0.302103 0.0751366 0.824305 0.695883 0.252785 0.980682 0.360393 0.753319 0.811853 
0.923948 0.226081 0.399884 0.151006 0.0404675 0.562029 0.0714744 0.888821 0.196051 0.107517 
0.0409558 0.234626 0.178961 0.748039 0.400586 0.166082 0.793146 0.36137 0.148045 0.295938 
0.882565 0.869259 0.65746 0.58449 0.818659 0.89996 0.315989 0.554125 0.481979 0.968566 
0.608234 0.162023 0.269143 0.581133 0.428449 0.987274 0.156316 0.168889 0.903409 0.888607 
0.350841 0.258858 0.505356 0.789361 0.561815 0.786798 0.73806 0.745354 0.421003 0.959227 
0.175695 0.952391 0.0857265 0.570482 0.136998 0.84933 0.554216 0.180975 0.775109 0.973357 
0.725394 0.0632344 0.864864 0.723045 0.73394 0.321512 0.0685141 0.6863 0.591968 0.0917081 
0.961333 0.688803 0.668783 0.227515 0.597919 0.219337 0.0393994 0.379101 0.901273 0.388501 
0.234016 0.870815 0.654836 0.0766625 0.418439 0.283547 0.379803 0.427931 0.538011 0.149083 
0.87814 0.345622 0.455336 0.661306 0.722739 0.146428 0.613483 0.811792 0.476608 0.0286569 
0.255867 0.855129 0.921323 0.511399 0.734031 0.510788 0.0766625 0.500504 0.934355 0.807459 
0.292703 0.137822 0.35548 0.976196 0.195013 0.0900296 0.867244 0.298746 0.765038 0.432813 
0.682363 0.317179 0.336192 0.787439 0.572405 0.310831 0.7875 0.865108 0.859218 0.447676 
0.715384 0.0760826 0.212745 0.51503 0.865627 0.359539 0.787103 0.637257 0.605945 0.889889 
0.725303 0.885525 0.721305 0.816858 0.564898 0.186804 0.312143 0.694815 0.574938 0.437666 
0.0780358 0.757805 0.555834 0.229438 0.766808 0.696432 0.133488 0.0911893 0.0711386 0.0930815 
0.0787683 0.656178 0.753899 0.171636 0.683554 0.658589 0.282754 0.0176397 0.724693 0.166692 
0.75631 0.92581 0.0473037 0.958312 0.402081 0.0302133 0.298074 0.445265 0.428358 0.874691 
0.840632 0.0529801 0.510514 0.0779443 0.383312 0.461348 0.693594 0.75164 0.351756 0.612964 
0.991913 0.825861 0.536088 0.895566 0.467391 0.939573 0.0454115 0.404218 0.0675069 0.0513932 
0.099826 0.690237 0.00451674 0.427839 0.691641 0.902005 0.95642 0.164006 0.647084 0.725425 
0.872005 0.894528 0.119572 0.02884 0.66036 0.849544 0.0458998 0.619587 0.546525 0.913236 
0.596545 0.0179754 0.374218 0.839961 0.151341 0.655293 0.637318 0.285318 0.831904 0.401593 
0.520951 0.807733 0.121708 0.830134 0.733696 0.496841 0.605823 0.124088 0.411878 0.385388 
0.360179 0.0324107 0.877682 0.300424 0.0234077 0.78045 0.531693 0.310129 0.0809656 0.342051 
0.661763 0.422651 0.393536 0.979369 0.448805 0.693289 0.500931 0.45616 0.951476 0.395764 
0.732597 0.831599 0.350291 0.414777 0.655873 0.239967 0.23307 0.514878 0.893582 0.563341 
0.202307 0.642903 0.841945 0.402661 0.586261 0.919889 0.319956 0.254372 0.534928 0.47853 
0.682089 0.297983 0.281716 0.802637 0.424574 0.701437 0.852626 0.724906 0.81753 0.850154 
0.0037843 0.738884 0.593493 0.406384 0.669118 0.782006 0.223914 0.604602 0.698294 0.145268 
0.814936 0.689657 0.167791 0.666219 0.153081 0.903745 0.0448927 0.861476 0.933287 0.928404 
0.48674 0.154729 0.699149 0.18778 0.555101 0.857143 0.527818 0.919797 0.628864 0.0551775 
0.990051 0.420515 0.294595 0.0639058 0.416761 0.369366 0.997162 0.600085 0.00393689 0.640034 
0.231086 0.332621 0.786157 0.504288 0.554674 0.966399 0.010712 0.634541 0.206977 0.515091 
0.943693 0.811518 0.610004 0.920133 0.638203 0.743187 0.536851 0.671316 0.697653 0.901303 
0.227027 0.585772 0.563616 0.781793 0.230323 0.40141 0.360912 0.495224 0.260414 0.340892 
0.830164 0.0936003 0.839595 0.302744 0.379742 0.539689 0.0155339 0.835627 0.788141 0.725181 
0.932066 0.551897 0.587725 0.444044 0.53386 0.137181 0.661641 0.727103 0.188116 0.611652 
0.0846889 0.444014 0.502823 0.999542 0.739738 0.579669 0.123722 0.0631123 0.740593 0.089816 
0.791223 0.257637 0.192969 0.743889 0.438002 0.562731 0.324473 0.859615 0.609272 0.347392 
0.514847 0.337046 0.986053 0.924284 0.258248 0.897549 0.293741 0.949767 0.588061 0.933714 
0.376354 0.325846 0.995849 0.877346 0.718192 0.760521 0.375988 0.491195 0.193793 0.642079 
0.0267647 0.990387 0.328074 0.384777 0.239204 0.400678 0.84698 0.900937 0.505325 0.0589618 
0.800867 0.356456 0.876675 0.662801 0.0410169 0.865871 0.504379 0.774743 0.331248 0.282846 
0.8923 0.188421 0.875271 0.742912 0.894223 0.0618305 0.541368 0.114109 0.986358 0.224586 
0.565813 0.0125126 0.846644 0.565264 0.0157476 0.537919 0.771783 0.905057 0.793298 0.386853 
0.963591 0.264046 0.461715 0.498795 0.215583 0.926267 0.675405 0.891568 0.031312 0.209693 
0.494369 0.842799 0.705496 0.348003 0.364727 0.0729392 0.399213 0.389355 0.0467849 0.0869778 
0.740959 0.519395 0.271218 0.330027 0.983612 0.714133 0.405286 0.314035 0.249886 0.129307 
0.90997 0.37141 0.896756 0.132267 0.869411 0.191626 0.529984 0.38255 0.373791 0.79754 
0.700766 0.867702 0.037141 0.1171 0.814966 0.300363 0.430952 0.80752 0.286477 0.783013 
0.715201 0.486953 0.466231 0.146306 0.24781 0.0312815 0.377422 0.867885 0.453963 0.0912503 
0.789117 0.977081 0.736351 0.486618 0.658589 0.852412 0.707785 0.633473 0.474319 0.318094 
0.527055 0.661122 0.530473 0.94528 0.620075 0.374615 0.664327 0.96469 0.566393 0.71923 
0.487899 0.697104 0.433546 0.903104 0.644826 0.907407 0.339518 0.834376 0.123997 0.988739 
0.525285 0.0290536 0.161107 0.383068 0.718009 0.645863 0.759117 0.144383 0.0668661 0.804041 
0.359416 0.0505081 0.432325 0.840999 0.69451 0.170202 0.309732 0.665365 0.353435 0.291391 
0.169683 0.862117 0.091586 0.117252 0.495041 0.705832 0.415693 0.635853 0.29664 0.738548 
0.4756 0.569994 0.389019 0.0680868 0.793878 0.313395 0.206671 0.043672 0.864559 0.259438 
0.443098 0.464309 0.152287 0.928678 0.292917 0.977081 0.523209 0.801538 0.579058 0.820673 
0.638417 0.262215 0.545793 0.571337 0.341929 0.56032 0.599139 0.0467238 0.573962 0.196204 
0.775689 0.0242622 0.840602 0.636433 0.221198 0.930296 0.77163 0.765404 0.460494 0.155889 
0.797449 0.980071 0.739036 0.15656 0.476302 0.332682 0.218513 0.990448 0.503159 0.629505 
0.307199 0.453017 0.931578 0.890072 0.905911 0.463363 0.639576 0.0743736 0.851588 0.858699 
0.571062 0.484237 0.339305 0.253395 0.783715 0.743858 0.604144 0.118748 0.834864 0.767632 
0.643727 0.739647 0.536546 0.619922 0.263436 0.20423 0.61092 0.673971 0.224982 0.0835292 
0.277169 0.975738 0.779565 0.956267 0.301553 0.219092 0.367412 0.435865 0.541398 0.238807 
0.764275 0.85577 0.514664 0.426893 0.456587 0.268868 0.0258492 0.979522 0.526353 0.918027 
0.380291 0.379864 0.82696 0.833216 0.216865 0.0240181 0.731498 0.712119 0.491989 0.395093 
0.234382 0.740013 0.644337 0.692892 0.687765 0.505448 0.47319 0.324809 0.954039 0.667867 
0.760552 0.164159 0.255501 0.533372 0.168645 0.982482 0.502731 0.195013 0.444319 0.96176 
0.38255 0.393689 0.460891 0.693228 0.986969 0.756188 0.129673 0.56859 0.264504 0.566118 
0.711509 0.96997 0.0751366 0.724693 0.559923 0.165105 0.129734 0.0568255 0.827601 0.313883 
0.59566 0.619526 0.166387 0.492325 0.649678 0.168096 0.953276 0.140416 0.75927 0.43733 
0.0724509 0.840236 0.973846 0.392712 0.785913 0.830012 0.00677511 0.109378 0.722495 0.161077 
0.390027 0.433546 0.517747 0.903714 0.481857 0.0837733 0.135533 0.307596 0.609638 0.348033 
0.402081 0.324229 0.128513 0.0322886 0.78457 0.396344 0.677541 0.817866 0.944853 0.921567 
0.413892 0.682546 0.100009 0.295907 0.507431 0.54329 0.720847 0.943754 0.675771 0.774926 
0.599017 0.240242 0.0419324 0.762841 0.815332 0.732719 0.0954009 0.144658 0.639027 0.566973 
0.0378124 0.897794 0.890347 0.525071 0.295022 0.928922 0.79696 0.580615 0.476028 0.321665 
0.876095 0.37785 0.560625 0.89874 0.872951 0.54088 0.596881 0.254769 0.287362 0.219245 
0.689474 0.916105 0.519303 0.776025 0.56035 0.783776 0.164953 0.0245674 0.462905 0.515976 
0.49443 0.920957 0.73101 0.00616474 0.64214 0.116794 0.743889 0.6133 0.541704 0.280679 
0.588366 0.299936 0.135899 0.592547 0.199713 0.335124 0.893429 0.318583 0.261971 0.717887 
0.163457 0.872677 0.649678 0.977508 0.399609 0.269601 0.691519 0.507309 0.783776 0.378216 
0.0376904 0.0875881 0.282083 0.878567 0.41203 0.754509 0.663656 0.331156 0.0299692 0.670705 
0.513199 0.263436 0.964049 0.154271 0.769463 0.680135 0.237648 0.522263 0.81988 0.903714 
0.928739 0.904538 0.683432 0.151189 0.0644551 0.684988 0.312449 0.753563 0.588092 0.7257 
0.544969 0.423719 0.179418 0.0306711 0.738548 0.480117 0.210059 0.0052797 0.617176 0.431074 
0.614521 0.967528 0.362072 0.826991 0.958739 0.067568 0.478195 0.786401 0.487167 0.271889 
0.467055 0.102115 0.429426 0.567919 0.837672 0.333476 0.348125 0.0455641 0.486557 0.791498 
0.808893 0.01236 0.978149 0.822504 0.153966 0.797632 0.756645 0.297159 0.660543 0.402356 
0.821314 0.710715 0.864925 0.651479 0.895199 0.800623 0.334422 0.00387585 0.619739 0.0883206 
0.667257 0.677053 0.805872 0.250984 0.00253304 0.242409 0.272958 0.729331 0.821223 0.347636 
0.306986 0.478469 0.31901 0.72216 0.269021 0.267159 0.133427 0.122044 0.385479 0.432447 
0.705069 0.370739 0.250954 0.495499 0.0548723 0.151555 0.0757164 0.544939 0.259285 0.708609 
0.208014 0.794183 0.40318 0.111972 0.96353 0.218696 0.292917 0.243721 0.292245 0.6798 
0.710532 0.160772 0.314951 0.440657 0.489792 0.990997 0.259743 0.481582 0.196204 0.0188604 
0.830317 0.520035 0.691549 0.116733 0.537217 0.142155 0.36433 0.177923 0.023011 0.951842 
0.30784 0.708365 0.913236 0.143437 0.226417 0.232246 0.223457 0.40495 0.351573 0.668813 
0.854793 0.557176 0.149144 0.335765 0.207984 0.835536 0.0987884 0.736106 0.448531 0.220862 
0.326884 0.784234 0.452773 0.725181 0.374126 0.627918 0.967406 0.0386364 0.879452 0.722098 
0.0127262 0.44438 0.460799 0.310984 0.0617389 0.406873 0.574725 0.974578 0.0253609 0.740654 
0.635731 0.395795 0.576006 0.765038 0.176366 0.00473037 0.839869 0.351817 0.329875 0.656026 
0.989959 0.271432 0.416333 0.995544 0.770684 0.744438 0.913266 0.673055 0.485122 0.604114 
0.592669 0.0566729 0.47673 0.976928 0.105045 0.605579 0.63625 0.886502 0.792108 0.556963 
0.96527 0.687918 0.00894192 0.0840785 0.727714 0.738212 0.737754 0.580981 0.220527 0.20951 
0.773156 0.230415 0.694784 0.450911 0.261666 0.511368 0.458052 0.805597 0.875546 0.80221 
0.690268 0.28901 0.402661 0.73574 0.00317392 0.0350352 0.0338755 0.462539 0.275674 0.915555 
0.128758 0.478744 0.795251 0.240181 0.74102 0.174413 0.2378 0.942778 0.68508 0.759117 
0.516343 0.159795 0.424909 0.720328 0.0300607 0.608142 0.566301 0.471664 0.345256 0.667653 
0.233863 0.34666 0.838893 0.57506 0.114353 0.594409 0.336436 0.635639 0.44673 0.533464 
0.275155 0.858516 0.741264 0.520371 0.423811 0.922117 0.50795 0.888699 0.690573 0.876003 
0.776452 0.514939 0.0497147 0.485153 0.687796 0.167943 0.119083 0.62328 0.939817 0.297586 
0.418867 0.620899 0.367443 0.419019 0.84341 0.975158 0.438978 0.749138 0.377148 0.326731 
0.949339 0.251198 0.586138 0.111118 0.692251 0.743675 0.915677 0.789605 0.39201 0.230049 
0.326456 0.0664693 0.676168 0.105533 0.299478 0.999359 0.370556 0.396832 0.741447 0.407697 
0.898068 0.691519 0.821711 0.486923 0.0616169 0.913022 0.272347 0.0334483 0.993896 0.597674 
0.182195 0.187689 0.553606 0.82989 0.816279 0.100467 0.950804 0.491592 0.491745 0.429792 
0.881741 0.982971 0.0422071 0.0740074 0.954741 0.069216 0.900632 0.0472427 0.688375 0.0116276 
0.332835 0.903989 0.863216 0.637043 0.85284 0.618427 0.508103 0.503739 0.350627 0.32548 
0.302835 0.818964 0.964751 0.829157 0.677786 0.264809 0.229438 0.284707 0.392102 0.38847 
0.529221 0.96115 0.871914 0.713065 0.39079 0.4897 0.088992 0.225623 0.644398 0.505203 
0.262551 0.398419 0.985382 0.0860622 0.163579 0.399121 0.967559 0.899533 0.304697 0.64745 
0.959349 0.4579 0.795709 0.37318 0.0941191 0.392926 0.146306 0.332713 0.745903 0.153417 
0.797723 0.339793 0.561602 0.0332652 0.663503 0.767296 0.581469 0.93582 0.46202 0.675558 
0.478286 0.780602 0.12064 0.724357 0.44731 0.959075 0.0338145 0.523881 0.777459 0.745415 
0.455641 0.581744 0.635823 0.0686056 0.80871 0.501816 0.0959807 0.55211 0.189947 0.591357 
0.941984 0.227271 0.855342 0.532334 0.278512 0.827113 0.963897 0.273812 0.479659 0.06592 
0.363109 0.80108 0.506119 0.812159 0.696554 0.937986 0.123173 0.559343 0.614795 0.838679 
0.0503555 0.102695 0.371288 0.325358 0.573687 0.826868 0.584246 0.727561 0.652272 0.511063 
0.445631 0.379864 0.0503555 0.0583514 0.15894 0.434065 0.525956 0.0547807 0.886502 0.142064 
0.607135 0.564898 0.987793 0.265542 0.987854 0.0698569 0.830348 0.768975 0.0738243 0.954527 
0.953642 0.452193 0.710379 0.449141 0.868343 0.678426 0.622761 0.433027 0.271035 0.854366 
0.601032 0.00534074 0.956603 0.818628 0.960021 0.229865 0.208838 0.794336 0.30607 0.959746 
0.95117 0.0627155 0.14185 0.148717 0.43791 0.0134892 0.339732 0.554979 0.768303 0.728385 
0.0162358 0.243477 0.00366222 0.754326 0.837794 0.793756 0.169622 0.222175 0.289163 0.618854 
0.923978 0.967467 0.936674 0.301859 0.172216 0.809229 0.21601 0.356304 0.411481 0.643605 
0.777398 0.316599 0.0838649 0.507736 0.918058 0.564776 0.721488 0.270791 0.134312 0.799921 
0.16306 0.108402 0.32374 0.556352 0.624592 0.416181 0.669149 0.67684 0.904355 0.319193 
0.735282 0.147252 0.504257 0.433241 0.80987 0.198675 0.948363 0.034547 0.0198676 0.0834681 
0.0795923 0.293649 0.254524 0.431288 0.616932 0.730216 0.426221 0.591571 0.752861 0.544511 
0.100314 0.868435 0.0734581 0.982574 0.0258492 0.0545061 0.582202 0.390179 0.597308 0.169927 
0.107883 0.113224 0.779687 0.812433 0.87936 0.899472 0.527482 0.0251167 0.546831 0.958708 
0.229194 0.0882901 0.432203 0.337504 0.208502 0.140965 0.288858 0.764611 0.813074 0.0389416 
0.35255 0.623005 0.122776 0.355449 0.964629 0.205542 0.808405 0.930601 0.548631 0.910001 
0.171361 0.87582 0.2219 0.529405 0.897244 0.439772 0.822901 0.295083 0.552629 0.641804 
0.635945 0.827021 0.357921 0.0790735 0.594562 0.649464 0.266457 0.814081 0.244423 0.426618 
0.881588 0.747978 0.247383 0.575793 0.242988 0.387249 0.707816 0.413373 0.0133366 0.40846 
0.102237 0.490432 0.0965606 0.928526 0.0942717 0.273965 0.219001 0.886074 0.0148015 0.830287 
0.504715 0.440596 0.290109 0.666158 0.57622 0.795343 0.598132 0.38496 0.211829 0.3502 
0.0346385 0.31312 0.0909757 0.59096 0.0704367 0.753777 0.658406 0.621296 0.580645 0.0232551 
0.639058 0.743278 0.727714 0.927702 0.234565 0.993316 0.979186 0.834529 0.532395 0.0391247 
0.0412915 0.996551 0.159368 0.344523 0.990081 0.283944 0.710501 0.00778222 0.380657 0.980834 
0.984405 0.180273 0.61684 0.802362 0.556749 0.47148 0.361003 0.788965 0.7228 0.246254 
0.266945 0.233711 0.340068 0.221351 0.815851 0.299142 0.603168 0.266732 0.537004 0.479781 
0.280984 0.818293 0.394787 0.566515 0.4485 0.808039 0.622761 0.269478 0.243385 0.518448 
0.786187 0.155034 0.680013 0.266488 0.354472 0.0536821 0.0506302 0.32432 0.564623 0.594745 
0.946165 0.982147 0.856868 0.0244453 0.427137 0.160375 0.663778 0.9635 0.376385 0.476608 
0.834407 0.259835 0.564653 0.173833 0.473983 0.594226 0.460189 0.816645 0.481429 0.993194 
0.313883 0.160527 0.564898 0.906949 0.550951 0.102237 0.0173345 0.00778222 0.000579852 0.115543 
0.0331126 0.365642 0.994812 0.0801416 0.846675 0.156499 0.867306 0.909207 0.474899 0.560533 
0.88461 0.881924 0.344279 0.00598163 0.13947 0.0875881 0.583819 0.414838 0.438887 0.887204 
0.265542 0.606616 0.717093 0.798608 0.373302 0.516953 0.00558489 0.71221 0.781518 0.386639 
0.49086 0.842555 0.0245369 0.577563 0.691183 0.322794 0.138951 0.172033 0.283883 0.847957 
0.358806 0.011475 0.614368 0.272927 0.945769 0.33079 0.417829 0.572436 0.935423 0.644795 
0.78518 0.0678121 0.080752 0.0426344 0.904447 0.328379 0.774194 0.546922 0.608692 0.652211 
0.229163 0.693381 0.26191 0.533769 0.703207 0.987548 0.014069 0.0237434 0.0426038 0.394574 
0.95642 0.387982 0.33137 0.518693 0.208502 0.971282 0.924284 0.628071 0.468276 0.672536 
0.64626 0.181829 0.0559404 0.937864 0.4391 0.0153813 0.983581 0.67687 0.236488 0.839839 
0.0811182 0.00949126 0.348949 0.212409 0.710501 0.249123 0.139622 0.6339 0.0985138 0.028016 
0.272683 0.928892 0.820673 0.971984 0.314737 0.565844 0.466109 0.829615 0.971496 0.0727866 
0.0156865 0.463363 0.740013 0.204901 0.964354 0.607929 0.258736 0.0202033 0.718467 0.802332 
0.135472 0.519913 0.30018 0.402448 0.535539 0.00943022 0.889553 0.0796228 0.310678 0.836238 
0.235755 0.711844 0.95053 0.660878 0.468703 0.0737632 0.137242 0.917814 0.342448 0.232063 
0.185217 0.621357 0.441206 0.0516068 0.146611 0.1742 0.379772 0.71981 0.864193 0.33372 
0.529221 0.694235 0.752678 0.992767 0.299234 0.980712 0.590014 0.931394 0.508347 0.147588 
0.0993683 0.195349 0.873287 0.982635 0.603717 0.257851 0.148808 0.198492 0.533525 0.620685 
0.949156 0.0938444 0.0697043 0.0112003 0.782159 0.575213 0.702261 0.831202 0.32786 0.446638 
0.986114 0.0137638 0.492325 0.373363 0.275765 0.945097 0.268014 0.425214 0.719626 0.606403 
0.93234 0.606616 0.295053 0.593371 0.614856 0.279092 0.166082 0.168249 0.765557 0.882565 
0.144444 0.00192267 0.554003 0.861599 0.535356 0.761254 0.732109 0.203345 0.149327 0.198553 
0.990478 0.492782 0.761467 0.899503 0.340373 0.89172 0.798791 0.34492 0.552477 0.948088 
0.537919 0.443922 0.183233 0.641499 0.593249 0.193579 0.220527 0.571276 0.977752 0.621876 
0.879665 0.693533 0.517136 0.670186 0.581103 0.512986 0.89874 0.171453 0.64098 0.136448 
0.13654 0.580279 0.705741 0.0938139 0.733482 0.611225 0.462294 0.33253 0.32197 0.441511 
0.654805 0.292734 0.0646077 0.634632 0.939085 0.468276 0.595752 0.440596 0.606525 0.360363 
0.785028 0.629658 0.708213 0.230323 0.104923 0.515305 0.610767 0.557085 0.882809 0.32316 
0.514817 0.60625 0.218848 0.561571 0.968078 0.0165716 0.85165 0.550584 0.903317 0.810358 
0.751793 0.765435 0.233406 0.733879 0.725822 0.150456 0.534013 0.334269 0.810633 0.060213 
0.845332 0.678823 0.740501 0.983856 0.124485 0.123051 0.267464 0.708457 0.379528 0.0341807 
0.616688 0.0788598 0.0159917 0.875668 0.857418 0.00881985 0.428053 0.55916 0.471633 0.900479 
0.364788 0.47087 0.901059 0.128391 0.103061 0.0773644 0.353771 0.74456 0.958617 0.518113 
0.652211 0.0595721 0.165746 0.0903653 0.402997 0.257881 0.658071 0.0331126 0.270638 0.702017 
0.780267 0.515854 0.635823 0.0824305 0.463149 0.238838 0.41966 0.0697958 0.892666 0.55092 
0.355419 0.624928 0.204382 0.491134 0.488662 0.623493 0.234657 0.66039 0.186956 0.951384 
0.859523 0.329508 0.441023 0.726951 0.952788 0.689993 0.737663 0.806604 0.494705 0.653127 
0.286538 0.229621 0.862056 0.104801 0.881832 0.758904 0.83108 0.0212409 0.179235 0.173467 
0.324931 0.352458 0.671255 0.469375 0.436048 0.0793481 0.139927 0.624897 0.755425 0.351299 
0.870235 0.08652 0.53975 0.109622 0.403882 0.631947 0.747673 0.103885 0.115726 0.765923 
0.476455 0.706961 0.393567 0.306192 0.830134 0.435133 0.702597 0.314524 0.750938 0.579638 
0.316141 0.0299692 0.844325 0.855617 0.993561 0.960387 0.729942 0.475082 0.386334 0.788171 
0.94879 0.549821 0.454573 0.247017 0.958556 0.23072 0.673879 0.625355 0.247932 0.489547 
0.31492 0.0530717 0.101566 0.949767 0.576281 0.227882 0.046144 0.672079 0.85229 0.7369 
0.510025 0.301828 0.916562 0.630848 0.726432 0.483474 0.303018 0.405835 0.412458 0.949034 
0.665609 0.0500504 0.254402 0.186834 0.397229 0.310953 0.731346 0.0963469 0.290262 0.83932 
0.307352 0.535691 0.518967 0.366619 0.524644 0.167852 0.725639 0.572039 0.0279244 0.512192 
0.491317 0.794794 0.051973 0.607135 0.972839 0.248695 0.40315 0.190374 0.986694 0.894833 
0.466262 0.803217 0.321757 0.628651 0.268319 0.724509 0.561785 0.937834 0.129917 0.141362 
0.198614 0.687094 0.935942 0.462294 0.318003 0.186193 0.556444 0.17893 0.638661 0.197302 
0.449507 0.183264 0.186316 0.0382702 0.976684 0.945921 0.383709 0.437574 0.4626 0.461959 
0.837703 0.297739 0.53029 0.370861 0.605029 0.0231025 0.742668 0.156224 0.217994 0.568255 
0.0822169 0.831843 0.250771 0.863338 0.299875 0.020539 0.708365 0.772851 0.664022 0.831843 
0.0187689 0.243629 0.141209 0.444319 0.910245 0.798639 0.540178 0.79986 0.954131 0.0325938 
0.64922 0.315012 0.0555132 0.266182 0.899747 0.0165105 0.671896 0.0140385 0.585894 0.00665304 
0.0418409 0.424146 0.172491 0.665029 0.204749 0.343822 0.721793 0.492965 0.0925932 0.168767 
0.970641 0.00668355 0.4756 0.132084 0.0896329 0.58562 0.0421155 0.188391 0.654836 0.681936 
0.395245 0.150304 0.863582 0.297678 0.245918 0.233009 0.525956 0.135929 0.585131 0.663167 
0.862728 0.331736 0.115665 0.508744 0.641224 0.16953 0.724876 0.385632 0.680349 0.693228 
0.279611 0.197516 0.255867 0.614887 0.524979 0.565142 0.437605 0.428755 0.367473 0.101413 
0.889309 0.136296 0.324503 0.18836 0.162572 0.489303 0.420789 0.412336 0.0166021 0.156072 
0.3137 0.313517 0.794092 0.718589 0.927976 0.606433 0.385113 0.905179 0.381695 0.527146 
0.810602 0.966338 0.484451 0.463759 0.955504 0.599048 0.589068 0.526383 0.484176 0.326426 
0.0779138 0.212683 0.468368 0.738487 0.265572 0.825739 0.759392 0.500443 0.998444 0.799524 
0.635701 0.535234 0.732871 0.589343 0.757164 0.285623 0.373516 0.282876 0.957183 0.462996 
0.651997 0.587909 0.903775 0.188452 0.32844 0.353526 0.161534 0.933073 0.996185 0.280679 
0.684652 0.162755 0.771325 0.978576 0.273171 0.0950346 0.648427 0.0225837 0.0233161 0.472945 
0.803217 0.171148 0.303293 0.762871 0.624134 0.396191 0.28544 0.682546 0.753349 0.885037 
0.566576 0.465346 0.918912 0.668752 0.907437 0.767144 0.839229 0.0339976 0.622333 0.622028 
0.981017 0.374248 0.650624 0.352947 0.451857 0.636525 0.84106 0.84402 0.809168 0.0204169 
0.480117 0.0799585 0.0658895 0.0851161 0.595874 0.359752 0.675222 0.920835 0.0685751 0.0901822 
0.774712 0.541032 0.0788293 0.565752 0.471633 0.151738 0.925291 0.641072 0.450575 0.453749 
0.742363 0.702322 0.684347 0.634449 0.149907 0.843623 0.529954 0.20542 0.365642 0.654561 
0.990326 0.341929 0.811579 0.525803 0.423444 0.880551 0.746117 0.877926 0.480117 0.631245 
0.952574 0.220771 0.551134 0.160344 0.0156865 0.449019 0.505814 0.700247 0.217353 0.28019 
0.00259407 0.342448 0.582476 0.241615 0.153356 0.169897 0.106601 0.112461 0.822199 0.485305 
0.696768 0.227119 0.340465 0.79107 0.855861 0.546037 0.919065 0.677755 0.642842 0.900571 
0.539109 0.276711 0.939543 0.317667 0.602435 0.433607 0.555132 0.831263 0.123203 0.258827 
0.199927 0.685781 0.741691 0.211066 0.859676 0.338725 0.341411 0.370525 0.601032 0.168554 
0.55153 0.0574053 0.340556 0.293344 0.91464 0.453017 0.607349 0.407544 0.00219733 0.378368 
0.831324 0.0421766 0.258614 0.887783 0.187994 0.155553 0.85461 0.832759 0.531327 0.459761 
0.331889 0.0532853 0.445509 0.39024 0.320353 0.351909 0.947264 0.123844 0.108127 0.907468 
0.869716 0.552202 0.347087 0.284371 0.459334 0.61626 0.67394 0.694296 0.216681 0.908414 
0.528611 0.665304 0.512894 0.948607 0.951506 0.776177 0.0126041 0.040315 0.639912 0.61095 
0.434828 0.113071 0.0461745 0.590747 0.682852 0.45732 0.797479 0.838435 0.874783 0.758324 
0.219367 0.733085 0.30549 0.33491 0.244301 0.309946 0.8717 0.98999 0.485824 0.162511 
0.990753 0.377972 0.760247 0.00256355 0.545305 0.296762 0.836634 0.534928 0.884396 0.809168 
0.696921 0.802667 0.412305 0.601062 0.0866115 0.659505 0.79693 0.48204 0.638112 0.525346 
0.327982 0.434736 0.34724 0.0810266 0.457503 0.119449 0.684805 0.0591754 0.0525224 0.239967 
0.123997 0.786706 0.392651 0.67687 0.365246 0.635639 0.442396 0.794946 0.0393078 0.0383007 
0.430433 0.83047 0.170354 0.223487 0.266762 0.764733 0.180029 0.329173 0.829035 0.590564 
0.713645 0.0486465 0.649007 0.377026 0.070101 0.466231 0.0309458 0.0398877 0.516465 0.23838 
0.132908 0.222907 0.26838 0.777062 0.0418104 0.196875 0.418165 0.591021 0.374371 0.182623 
0.591052 0.441847 0.434217 0.00384533 0.611286 0.470443 0.457442 0.476424 0.959441 0.95056 
0.976684 0.440352 0.301614 0.825617 0.836055 0.840327 0.872646 0.684805 0.887539 0.761498 
0.993469 0.335093 0.900266 0.826746 0.505142 0.624989 0.713889 0.861171 0.399701 0.676656 
0.167608 0.230567 0.429548 0.182287 0.835505 0.760277 0.976989 0.921659 0.0997955 0.639729 
0.964171 0.155736 0.593616 0.220161 0.0859096 0.0546587 0.543687 0.110935 0.145634 0.814173 
0.0449843 0.480789 0.776208 0.618122 0.79809 0.970702 0.326731 0.103244 0.340709 0.123997 
0.196753 0.481582 0.304849 0.740806 0.398846 0.977722 0.730155 0.061861 0.63094 0.736503 
0.965575 0.189398 0.63976 0.858089 0.189856 0.649983 0.15659 0.715598 0.0827052 0.506577 
0.186254 0.212897 0.677419 0.925596 0.931333 0.137486 0.926298 0.605152 0.131809 0.265786 
0.0104373 0.971068 0.102603 0.376232 0.924955 0.546556 0.249153 0.827296 0.370434 0.402081 
0.342936 0.855739 0.482711 0.0915555 0.338054 0.252083 0.431654 0.980987 0.00997955 0.569384 
0.420179 0.376049 0.197882 0.520951 0.115116 0.354869 0.931761 0.72457 0.0409253 0.711814 
0.225318 0.447768 0.967467 0.919126 0.816706 0.512192 0.823084 0.512314 0.636982 0.011597 
0.164739 0.805536 0.289041 0.00122074 0.735496 0.343486 0.317087 0.813685 0.141514 0.995666 
0.548692 0.158208 0.179357 0.0995209 0.290109 0.659474 0.844722 0.558946 0.656575 0.991821 
0.55446 0.303629 0.818476 0.265694 0.612384 0.0162969 0.444746 0.822321 0.450667 0.53383 
0.125065 0.0923795 0.677816 0.82815 0.0514847 0.676199 0.46437 0.973785 0.741172 0.299875 
0.298227 0.00769066 0.0815455 0.805628 0.63979 0.0883511 0.478805 0.830836 0.508988 0.859371 
0.391247 0.333048 0.535386 0.424818 0.0286264 0.617267 0.502121 0.842006 0.498703 0.0206915 
0.915403 0.538163 0.182409 0.912717 0.630543 0.557085 0.618824 0.165014 0.0660726 0.0421766 
0.680868 0.749046 0.0367748 0.862148 0.323649 0.616352 0.737266 0.785211 0.686117 0.518632 
0.907041 0.10889 0.827448 0.923399 0.708609 0.150761 0.879543 0.681417 0.349803 0.506729 
0.896786 0.602741 0.98117 0.483474 0.18424 0.596789 0.900204 0.610736 0.385784 0.533403 
0.593616 0.639851 0.112949 0.480728 0.648457 0.935148 0.396313 0.476333 0.0638142 0.66393 
0.740379 0.487838 0.99414 0.69158 0.0629597 0.719047 0.455214 0.588183 0.301065 0.918363 
0.0248115 0.652394 0.963439 0.845027 0.0680868 0.359355 0.412091 0.550127 0.520157 0.138737 
0.153447 0.628254 0.756157 0.889035 0.92053 0.0957671 0.580737 0.13419 0.827174 0.0528581 
0.867794 0.229621 0.376202 0.78457 0.881893 0.522691 0.602069 0.457625 0.812586 0.875057 
0.12946 0.0695212 0.552782 0.45204 0.429395 0.805414 0.252663 0.186499 0.0536515 0.459548 
0.680166 0.822077 0.129063 0.0777306 0.919218 0.943327 0.89285 0.476272 0.437361 0.898068 
0.550005 0.794397 0.0536515 0.0186773 0.234504 0.736167 0.83813 0.0487686 0.355113 0.657918 
0.474288 0.180456 0.10712 0.157659 0.115574 0.610065 0.431623 0.323008 0.267525 0.0169073 
0.202948 0.293039 0.726157 0.87286 0.926206 0.291299 0.104495 0.987548 0.725516 0.785546 
0.978393 0.196631 0.904935 0.930692 0.182226 0.598804 0.862392 0.951353 0.286905 0.247597 
0.638722 0.619922 0.790185 0.704978 0.882778 0.486709 0.0513627 0.362011 0.513352 0.018189 
0.501602 0.933897 0.860256 0.299875 0.160314 0.0344554 0.564531 0.459609 0.990051 0.237709 
0.0202948 0.468154 0.120029 0.531175 0.638295 0.472701 0.470565 0.568743 0.713187 0.319956 
0.808588 0.628193 0.175817 0.425001 0.766381 0.680197 0.0112308 0.641865 0.854549 0.474776 
0.623981 0.292581 3.05185e-05 0.0518509 0.931974 0.0105594 0.641133 0.581622 0.470168 0.554582 
0.910031 0.941221 0.285318 0.249947 0.934874 0.934172 0.902646 0.212683 0.791955 0.558733 
0.146519 0.0131535 0.139653 0.230842 0.0955535 0.935697 0.0652181 0.36906 0.953856 0.489608 
0.175695 0.246437 0.119297 0.329051 0.464248 0.516678 0.230903 0.236885 0.983245 0.3202 
0.475387 0.329417 0.854915 0.376537 0.934812 0.138035 0.65157 0.969329 0.256874 0.724143 
0.675924 0.230079 0.428327 0.483352 0.173009 0.627125 0.933378 0.79577 0.00534074 0.0657979 
0.0778832 0.177587 0.821741 0.506333 0.761223 0.0916471 0.25193 0.505234 0.476089 0.0718406 
0.157598 0.587359 0.81869 0.318491 0.47145 0.853572 0.289346 0.420698 0.655232 0.73162 
0.666036 0.361736 0.308267 0.27543 0.730674 0.464187 0.957762 0.919767 0.630848 0.43028 
0.561602 0.0958586 0.657155 0.1348 0.755821 0.61504 0.717978 0.325816 0.376965 0.225867 
0.292703 0.889737 0.291452 0.251473 0.14481 0.83755 0.062624 0.713309 0.575793 0.667531 
0.487045 0.847224 0.50148 0.261544 0.531022 0.418683 0.131932 0.970519 0.699088 0.742821 
0.535905 0.0455336 0.365032 0.815912 0.871517 0.0714744 0.0972625 0.464431 0.564013 0.558092 
0.509537 0.918027 0.212256 0.346019 0.668233 0.712272 0.504837 0.983428 0.587695 0.328104 
0.927122 0.729392 0.844569 0.473678 0.540788 0.3408 0.842524 0.41496 0.616718 0.298471 
0.75869 0.261544 0.402692 0.629109 0.703055 0.61388 0.807154 0.979034 0.121769 0.477615 
0.280038 0.0963775 0.976043 0.852504 0.672506 0.377544 0.727622 0.900632 0.356029 0.634358 
0.662099 0.101535 0.382672 0.738304 0.58153 0.299661 0.967834 0.297922 0.397229 0.0505997 
0.0758995 0.025483 0.654347 0.172521 0.391644 0.949767 0.519242 0.908963 0.456526 0.130161 
0.261177 0.608905 0.253029 0.0297555 0.759178 0.331248 0.0174261 0.202246 0.0655232 0.278664 
0.561876 0.449721 0.557543 0.468398 0.888058 0.107639 0.707938 0.545152 0.3726 0.61269 
0.00598163 0.143254 0.30665 0.0102237 0.0600909 0.703543 0.0693686 0.557543 0.413465 0.151585 
0.718314 0.0788598 0.103671 0.343913 0.276223 0.228645 0.497818 0.687551 0.497299 0.319437 
0.434217 0.839869 0.392224 0.870266 0.202063 0.894742 0.294961 0.531999 0.390088 0.961425 
0.751549 0.546068 0.135807 0.541856 0.0122379 0.392529 0.80633 0.613575 0.408826 0.783776 
0.641835 0.823481 0.397412 0.660298 0.393597 0.699515 0.549089 0.344615 0.487167 0.285897 
0.268563 0.509659 0.742119 0.108798 0.523026 0.117832 0.179846 0.877895 0.361553 0.987152 
0.950468 0.830836 0.507218 0.140294 0.910062 0.126438 0.802393 0.593585 0.879574 0.192907 
0.789087 0.74102 0.116642 0.437544 0.205023 0.990966 0.0315867 0.223731 0.677267 0.810541 
0.67864 0.52208 0.394024 0.83462 0.0538957 0.141453 0.0365917 0.195654 0.731407 0.94644 
0.752098 0.730216 0.867824 0.967223 0.448439 0.218909 0.108158 0.808435 0.192907 0.315714 
0.422651 0.263131 0.995605 0.323008 0.406598 0.538011 0.758629 0.46852 0.0745567 0.995972 
0.672781 0.84051 0.679891 0.823054 0.842647 0.637379 0.590564 0.524949 0.421461 0.88815 
0.75341 0.660176 0.037141 0.299509 0.777184 0.715445 0.790307 0.386578 0.166021 0.530442 
0.605914 0.54265 0.734672 0.177007 0.220008 0.204871 0.736473 0.700278 0.581835 0.771966 
0.735649 0.626789 0.953825 0.429884 0.754845 0.647084 0.489639 0.542192 0.72924 0.377697 
0.572405 0.760949 0.798914 0.610126 0.693533 0.514634 0.469802 0.951842 0.154118 0.0293283 
0.175573 0.266335 0.369793 0.539232 0.270882 0.818567 0.0601825 0.84286 0.987396 0.531022 
0.104617 0.861476 0.384198 0.258065 0.344859 0.355296 0.823634 0.483657 0.11655 0.454543 
0.00341807 0.349376 0.790429 0.160985 0.0770592 0.418683 0.104251 0.476394 0.893185 0.0837733 
0.567553 0.314371 0.88522 0.0212714 0.719199 0.851588 0.642933 0.603076 0.520341 0.474532 
0.696707 0.668264 0.663167 0.978515 0.545854 0.562883 0.0765709 0.174596 0.462691 0.853572 
0.411115 0.561266 0.102786 0.620869 0.7828 0.216468 0.453413 0.739372 0.558672 0.566881 
0.151097 0.0500198 0.46437 0.190222 0.699423 0.83166 0.794916 0.307138 0.61861 0.477096 
0.0108341 0.118656 0.0579852 0.781091 0.499863 0.645772 0.902554 0.745598 0.786035 0.226905 
0.904721 0.308756 0.967315 0.330332 0.873318 0.904355 0.663045 0.836818 0.44966 0.256966 
0.252327 0.449416 0.503555 0.320566 0.684683 0.386608 0.678976 0.765038 0.644124 0.0145268 
0.121982 0.918393 0.348308 0.575365 0.921201 0.570025 0.763421 0.667226 0.292337 0.541765 
0.516312 0.632588 0.0385754 0.432539 0.285348 0.511032 0.317118 0.44319 0.950987 0.712668 
0.243782 0.687643 0.287027 0.0685751 0.366802 0.896634 0.474807 0.414472 0.540971 0.920347 
0.220161 0.363659 0.233406 0.935972 0.755699 0.425886 0.792322 0.766717 0.508774 0.128056 
0.709647 0.218268 0.716971 0.293222 0.409497 0.839412 0.771813 0.133854 0.592761 0.0120853 
0.572588 0.315989 0.670034 0.778588 0.670858 0.650258 0.313364 0.310617 0.487381 0.566118 
0.65865 0.427656 0.382702 0.0256355 0.189398 0.0701315 0.862117 0.0327769 0.833766 0.134068 
0.697104 0.394787 0.305124 0.573229 0.24366 0.891751 0.218818 0.175054 0.739372 0.510605 
0.014832 0.916959 0.860164 0.89993 0.218818 0.30842 0.318033 0.701437 0.0719626 0.626331 
0.781213 0.915006 0.0615558 0.448408 0.89758 0.95291 0.382855 0.392468 0.702994 0.539872 
0.864132 0.466353 0.195837 0.115024 0.385662 0.935942 0.358379 0.892178 0.32429 0.11655 
0.407056 0.23426 0.054384 0.994934 0.552232 0.498886 0.0369274 0.0869778 0.0492264 0.0104678 
0.527696 0.438673 0.821406 0.315836 0.435499 0.175207 0.436872 0.37904 0.362774 0.505692 
0.719962 0.872189 0.358226 0.588977 0.778649 0.21778 0.41435 0.166967 0.729362 0.539933 
0.239753 0.372112 0.900113 0.179113 0.338542 0.614399 0.793573 0.928617 0.927366 0.955351 
0.591174 0.647023 0.721732 0.873928 0.479263 0.404645 0.122532 0.831935 0.578997 0.818995 
0.834529 0.54387 0.760918 0.736015 0.447249 0.358592 0.125462 0.913297 0.0105899 0.658284 
0.431013 0.861599 0.13538 0.681265 0.249977 0.500687 0.650746 0.6751 0.135166 0.785943 
0.349284 0.78576 0.576952 0.961821 0.851619 0.589526 0.0323801 0.598651 0.120914 0.673666 
0.808588 0.0688803 0.659627 0.172246 0.079989 0.618915 0.918485 0.663198 0.822535 0.692923 
0.950072 0.332835 0.94409 0.665059 0.837672 0.814722 0.394452 0.635762 0.930754 0.607837 
0.534379 0.44911 0.418226 0.481796 0.545854 0.586993 0.271096 0.774194 0.164617 0.0963164 
0.0852077 0.986877 0.516465 0.206091 0.855983 0.58742 0.337657 0.789697 0.215522 0.421918 
0.362163 0.329447 0.164586 0.6451 0.155522 0.539384 0.829218 0.574511 0.177526 0.302286 
0.274422 0.374828 0.354656 0.077517 0.905881 0.978332 0.943449 0.435835 0.490188 0.147862 
0.966094 0.877438 0.326212 0.089053 0.999786 0.589282 0.597583 0.517136 0.600513 0.298379 
0.438276 0.585253 0.143132 0.876827 0.742332 0.580554 0.358562 0.855007 0.248909 0.793878 
0.349437 0.499619 0.93408 0.469497 0.365795 0.611866 0.240242 0.241371 0.121494 0.702994 
0.175176 0.961852 0.933073 0.702963 0.810968 0.329234 0.461898 0.858364 0.214789 0.220405 
0.341472 0.976318 0.342814 0.134831 0.470351 0.670186 0.927702 0.656148 0.252632 0.763482 
0.891995 0.337352 0.566668 0.508194 0.318033 0.916471 0.743858 0.77401 0.505539 0.268258 
0.338145 0.864254 0.148534 0.998566 0.9682 0.115085 0.162694 0.087405 0.012421 0.934416 
0.194189 0.487533 0.43968 0.436018 0.341472 0.0836512 0.55501 0.32606 0.12125 0.919919 
0.94348 0.197668 0.209815 0.10062 0.39198 0.889859 0.991089 0.271645 0.0710471 0.0671712 
0.442244 0.0875576 0.757683 0.676687 0.38905 0.571703 0.38023 0.437361 0.661061 0.775079 
0.667257 0.0198676 0.178594 0.640065 0.180517 0.0712607 0.502884 0.475906 0.514512 0.742149 
0.879971 0.951201 0.943052 0.871731 0.310099 0.0107425 0.294351 0.487533 0.674093 0.622242 
0.335948 0.775811 0.447066 0.759087 0.450575 0.178625 0.0317087 0.526292 0.884365 0.774529 
0.241737 0.834773 0.348491 0.598407 0.967101 0.530778 0.255654 0.0571306 0.551927 0.386975 
0.372539 0.097354 0.916929 0.860622 0.169561 0.280953 0.956755 0.0259713 0.649037 0.425581 
0.244331 0.586596 0.933317 0.965545 0.573046 0.373882 0.393719 0.689657 0.367809 0.238533 
0.601886 0.0124821 0.496841 0.740379 0.884518 0.434828 0.514939 0.543687 0.763024 0.349956 
0.869655 0.923612 0.0590533 0.851955 0.101474 0.290017 0.947478 0.702017 0.569872 0.135777 
0.737541 0.10947 0.735221 0.314371 0.664174 0.483291 0.529344 0.0542619 0.470138 0.810633 
0.844813 0.615864 0.0603351 0.818598 0.674642 0.99707 0.009888 0.575365 0.933775 0.594104 
0.206702 0.687246 0.493393 0.22367 0.410199 0.747337 0.459365 0.412488 0.00747703 0.192724 
0.225929 0.360942 0.747581 0.225959 0.336436 0.486526 0.735801 0.957274 0.681478 0.953856 
0.469161 0.423627 0.0664693 0.0970489 0.19364 0.641224 0.679647 0.141179 0.365581 0.347362 
0.491379 0.128544 0.497147 0.587756 0.116825 0.456435 0.168462 0.806238 0.172369 0.932401 
0.486587 0.592242 0.657613 0.753471 0.773156 0.743126 0.393963 0.315195 0.761742 0.796869 
0.051149 0.257393 0.0862758 0.691946 0.792901 0.652058 0.341868 0.710196 0.0726951 0.740379 
0.498611 0.359478 0.611866 0.12479 0.950987 0.351604 0.0897549 0.822291 0.982482 0.332591 
0.578692 0.0852992 0.927976 0.52089 0.253792 0.396558 0.814508 0.910184 0.409986 0.543779 
0.761742 0.192785 0.316385 0.180975 0.923429 0.060152 0.940245 0.782098 0.251289 0.0364391 
0.0708029 0.393506 0.862453 0.501602 0.875546 0.0918607 0.291116 0.0600604 0.418317 0.552934 
0.407178 0.911649 0.172674 0.63805 0.281106 0.380291 0.0596637 0.404736 0.778161 0.257637 
0.0429395 0.446944 0.161809 0.116916 0.811396 0.971954 0.48851 0.254128 0.581011 0.519608 
0.0745567 0.412244 0.547288 0.730705 0.816614 0.944884 0.0189215 0.0700705 0.646748 0.575671 
0.764855 0.911313 0.903775 0.409803 0.604968 0.888791 0.90173 0.353343 0.776635 0.923795 
0.476821 0.597308 0.107517 0.830622 0.794275 0.322459 0.526597 0.908811 0.195929 0.280923 
0.94406 0.428358 0.370495 0.411054 0.0316477 0.413343 0.627033 0.141667 0.934965 0.63097 
0.553178 0.542253 0.447951 0.191595 0.839656 0.974853 0.682485 0.666799 0.551775 0.404096 
0.762352 0.13068 0.629536 0.0221564 0.574694 0.0318613 0.897641 0.343852 0.108768 0.301401 
0.366222 0.428907 0.414289 0.60329 0.10419 0.387616 0.709738 0.134068 0.465804 0.825678 
0.672597 0.877285 0.952147 0.384838 0.442488 0.719291 0.48854 0.0356151 0.368297 0.332713 
0.399426 0.277963 0.0307321 0.23368 0.861507 0.906522 0.571642 0.919248 0.116642 0.496719 
0.860927 0.490799 0.226173 0.267586 0.533036 0.670644 0.646992 0.47792 0.423505 0.616749 
0.411328 0.0117191 0.437208 0.443068 0.191473 0.309732 0.379528 0.851009 0.0303354 0.302438 
0.781854 0.778375 0.0191961 0.501511 0.251991 0.472304 0.704215 0.905881 0.381817 0.8923 
0.502365 0.878048 0.742241 0.84933 0.908902 0.647877 0.997833 0.787866 0.776452 0.5992 
0.671316 0.616474 0.448164 0.996033 0.59035 0.493606 0.0253914 0.304483 0.546495 0.974731 
0.551256 0.766686 0.198737 0.426862 0.391797 0.382641 0.752525 0.117252 0.595416 0.956969 
0.444929 0.881985 0.51207 0.365917 0.368206 0.780541 0.453627 0.701773 0.662313 0.643696 
0.676412 0.449934 0.607685 0.919675 0.467238 0.355937 0.649892 0.725455 0.614246 0.137913 
0.886929 0.509598 0.0437025 0.701102 0.0508744 0.232521 0.904202 0.0104068 0.514969 0.470595 
0.879147 0.27781 0.356883 0.350414 0.00924711 0.619861 0.0105289 0.71923 0.805963 0.842677 
0.536607 0.458113 0.93701 0.509873 0.0433973 0.343944 0.265664 0.950102 0.289834 0.366375 
0.524705 0.360027 0.000671407 0.906125 0.406384 0.659597 0.926389 0.68099 0.349559 0.255257 
0.178228 0.865566 0.805597 0.367748 0.86993 0.291055 0.26371 0.0804773 0.597278 0.131443 
0.817713 0.76513 0.78692 0.98233 0.554521 0.0399792 0.44554 0.738182 0.54677 0.918393 
0.340556 0.17539 0.729698 0.302133 0.143864 0.645924 0.444197 0.477432 0.569659 0.789056 
0.927396 0.768761 0.0375072 0.666616 0.531266 0.00720237 0.892483 0.228523 0.951476 0.969756 
0.712577 0.514603 0.246895 0.444929 0.735801 0.498795 0.931578 0.0825526 0.937376 0.982513 
0.920225 0.681997 0.788629 0.442793 0.608325 0.0767846 0.228889 0.241981 0.868374 0.271035 
0.881314 0.104831 0.243385 0.983764 0.0442213 0.269509 0.118931 0.258034 0.489242 0.218757 
0.15479 0.29075 0.596942 0.397137 0.757866 0.139225 0.861965 0.821253 0.87701 0.461013 
0.298379 0.988311 0.901883 0.943297 0.776849 0.990143 0.946013 0.577837 0.824305 0.238502 
0.296274 0.438124 0.918241 0.707724 0.309519 0.114353 0.806055 0.101321 0.537584 0.463179 
0.881191 0.848903 0.362224 0.828028 0.147099 0.338969 0.92114 0.386334 0.800439 0.294656 
0.605884 0.780114 0.964446 0.698172 0.913816 0.685873 0.604297 0.170171 0.934385 0.480239 
0.154942 0.210883 0.251625 0.657643 0.893582 0.208228 0.543992 0.15595 0.58684 0.620228 
0.662435 0.246956 0.445448 0.237342 0.468551 0.14716 0.916044 0.93112 0.213538 0.00579852 
0.342448 0.795251 0.739586 0.425855 0.0275277 0.0859706 0.284433 0.174688 0.726279 0.86697 
0.171361 0.240364 0.101962 0.765862 0.164342 0.889798 0.176672 0.748253 0.771264 0.885159 
0.306833 0.315775 0.275002 0.514878 0.715567 0.033784 0.774773 0.595141 0.112949 0.795862 
0.018128 0.0984832 0.435591 0.730491 0.305612 0.565447 0.236 0.156896 0.24836 0.955901 
0.754387 0.495773 0.661122 0.095706 0.202704 0.541307 0.370647 0.376019 0.293252 0.000885037 
0.222053 0.859798 0.542405 0.708701 0.0630207 0.453688 0.381146 0.419111 0.988159 0.300119 
0.603412 0.58681 0.624256 0.0464492 0.183538 0.0390942 0.737907 0.147404 0.994385 0.947325 
0.946501 0.856807 0.456435 0.00314341 0.81402 0.0651265 0.650746 0.206458 0.112918 0.639058 
0.925138 0.170446 0.533341 0.418989 0.526231 0.350963 0.620502 0.531388 0.288186 0.105472 
0.222205 0.171484 0.909055 0.9888 0.227393 0.513047 0.84637 0.191046 0.876492 0.901486 
0.363384 0.524796 0.425886 0.986145 0.756523 0.866878 0.446699 0.948668 0.295969 0.461745 
0.539903 0.482833 0.910459 0.992615 0.748344 0.683126 0.147221 0.825892 0.447645 0.497299 
0.438856 0.336283 0.996796 0.89996 0.207831 0.717826 0.929411 0.442824 0.840297 0.187536 
0.967742 0.338572 0.0601215 0.988281 0.639943 0.733757 0.734947 0.0959197 0.782128 0.327525 
0.644459 0.0388501 0.706473 0.992584 0.243599 0.734123 0.316446 0.553819 0.950591 0.747948 
0.951018 0.381909 0.991668 0.886227 0.237831 0.957427 0.334086 0.521226 0.738304 0.0616169 
0.737846 0.561113 0.664205 0.75103 0.4579 0.467818 0.448286 0.770806 0.628254 0.230659 
0.449416 0.564379 0.858577 0.700736 0.573809 0.534715 0.0752281 0.193091 0.0934477 0.713889 
0.137638 0.762871 0.443281 0.496994 0.261208 0.0611286 0.277688 0.597095 0.778222 0.177618 
0.568438 0.876583 0.267769 0.375378 0.02472 0.212256 0.58623 0.124851 0.616749 0.0496536 
0.829341 0.342601 0.483932 0.802972 0.75692 0.241554 0.00933866 0.757012 0.71221 0.698935 
0.341319 0.627461 0.566149 0.547655 0.143498 0.43556 0.718558 0.698264 0.854823 0.853359 
0.687002 0.49678 0.240333 0.675924 0.315073 0.22541 0.51445 0.577044 0.130894 0.152013 
0.81753 0.80401 0.887204 0.0344859 0.327372 0.968352 0.814356 0.486801 0.786828 0.588336 
0.617664 0.112186 0.728233 0.539933 0.749992 0.810633 0.176885 0.0719016 0.990814 0.165929 
0.114017 0.541917 0.863369 0.319742 0.480819 0.529313 0.921049 0.237373 0.00460829 0.481338 
0.433943 0.773156 0.628895 0.548723 0.507187 0.440413 0.827631 0.766808 0.161931 0.2931 
0.586108 0.23896 0.411023 0.824732 0.328593 0.477859 0.85934 0.291177 0.574938 0.56151 
0.861415 0.363903 0.606372 0.259651 0.766533 0.518876 0.922971 0.78753 0.283151 0.0687277 
0.772942 0.342387 0.493698 0.243355 0.535539 0.0798975 0.550859 0.225593 0.238838 0.685903 
0.587085 0.548448 0.993408 0.200293 0.867855 0.759636 0.623249 0.249153 0.720603 0.760186 
0.275369 0.341136 0.270119 0.722983 0.289041 0.384808 0.51204 0.997711 0.106021 0.0826746 
0.755211 0.908261 0.503128 0.358684 0.96466 0.849086 0.928312 0.47499 0.0360729 0.586627 
0.221381 0.994446 0.533372 0.171972 0.501144 0.245094 0.920103 0.371227 0.499039 0.442915 
0.816431 0.0195318 0.122227 0.128819 0.312845 0.205359 0.525651 0.0767235 0.871609 0.691061 
0.4756 0.328074 0.847194 0.475875 0.285348 0.509964 0.157598 0.907926 0.104282 0.0926237 
0.136876 0.251259 0.842006 0.742485 0.10065 0.11417 0.508011 0.427259 0.655873 0.645161 
0.249245 0.429456 0.285775 0.902554 0.865749 0.923887 0.241829 0.304483 0.0859096 0.276162 
0.273141 0.56502 0.383496 0.718345 0.225318 0.0227973 0.615925 0.557237 0.039613 0.768731 
0.266915 0.57268 0.183599 0.47853 0.573473 0.761284 0.0450453 0.3567 0.318918 0.0820338 
0.319529 0.0982086 0.573351 0.360454 0.923795 0.27369 0.162358 0.00671407 0.465468 0.0449538 
0.145909 0.705008 0.800958 0.616871 0.0877407 0.72927 0.71218 0.331523 0.397412 0.0426649 
0.233955 0.81167 0.525773 0.836329 0.662831 0.0586871 0.295022 0.663411 0.778893 0.912534 
0.145054 0.825892 0.311747 0.778558 0.576983 0.168737 0.18186 0.0287484 0.574908 0.939238 
0.548479 0.982757 0.287881 0.866421 0.195471 0.87521 0.752678 0.117893 0.286508 0.715812 
0.938719 0.289804 0.0201727 0.448073 0.896725 0.0858791 0.217353 0.313334 0.292032 0.842708 
0.3708 0.825831 0.103885 0.556475 0.189398 0.265481 0.772179 0.568438 0.167699 0.0946989 
0.572314 0.564348 0.211768 0.204962 0.500351 0.0448012 0.853481 0.399792 0.448836 0.922666 
0.0832545 0.020539 0.954863 0.403394 0.334117 0.120609 0.301889 0.805109 0.64629 0.0952177 
0.256142 0.474136 0.54561 0.172002 0.219092 0.452773 0.665639 0.669607 0.0770898 0.0548723 
0.645192 0.429823 0.529832 0.00631733 0.332621 0.330027 0.178106 0.305887 0.827876 0.281747 
0.152989 0.463057 0.39378 0.621998 0.567186 0.269356 0.767754 0.303171 0.569659 0.758812 
0.904904 0.788385 0.285287 0.514084 0.684439 0.0578021 0.420545 0.975005 0.609821 0.632771 
0.816279 0.904721 0.0345164 0.0235603 0.728996 0.670766 0.944426 0.507584 0.122135 0.496567 
0.827967 0.643391 0.748314 0.339946 0.665548 0.427625 0.303323 0.55501 0.569353 0.500839 
0.434614 0.993133 0.10477 0.308084 0.883602 0.700034 0.824641 0.621143 0.544481 0.864589 
0.0475478 0.328043 0.720328 0.175756 0.412091 0.896756 0.357494 0.244362 0.236854 0.418561 
0.539811 0.245003 0.219153 0.638234 0.023957 0.435408 0.502274 0.876156 0.0970794 0.708792 
0.643544 0.250008 0.537645 0.835505 0.513779 0.100894 0.961455 0.550829 0.65978 0.0311899 
0.333293 0.14423 0.160772 0.459822 0.926328 0.707175 0.510575 0.101291 0.509354 0.695181 
0.555925 0.275124 0.0445265 0.960662 0.0232246 0.451094 0.675619 0.912778 0.664022 0.93759 
0.288552 0.960418 0.551042 0.11829 0.425886 0.894559 0.555956 0.144566 0.835536 0.366466 
0.53975 0.488418 0.435682 0.117924 0.287606 0.263649 0.977386 0.119266 0.718894 0.720542 
0.18479 0.272408 0.40379 0.820673 0.656178 0.834162 0.918149 0.298074 0.305002 0.21662 
0.0670187 0.113041 0.624104 0.320902 0.508957 0.704611 0.552721 0.060152 0.81164 0.948149 
0.228675 0.228309 0.470687 0.224494 0.406598 0.370861 0.922452 0.506424 0.823023 0.813746 
0.0821558 0.868954 0.290353 0.506668 0.438917 0.329844 0.800714 0.837489 0.238136 0.426496 
0.420209 0.0727561 0.783837 0.435102 0.256264 0.582507 0.390515 0.639027 0.277688 0.503494 
0.0173345 0.551897 0.27015 0.998901 0.114872 0.502365 0.707205 0.769494 0.715903 0.48619 
0.818934 0.973357 0.301889 0.692251 0.638752 0.209662 0.475967 0.60857 0.310404 0.723746 
0.973693 0.114872 0.43556 0.488296 0.0431227 0.467452 0.743919 0.318674 0.725303 0.582965 
0.866756 0.676931 0.065981 0.52739 0.495254 0.32197 0.790979 0.61626 0.704947 0.461531 
0.474837 0.0323191 0.727073 0.562243 0.735679 0.367473 0.949004 0.474471 0.485916 0.994018 
0.423841 0.0273751 0.771538 0.673086 0.67159 0.751579 0.230018 0.305032 0.0520951 0.884182 
0.699057 0.229011 0.491958 0.314097 0.00656148 0.977386 0.845698 0.622639 0.473769 0.891537 
0.673452 0.875912 0.16245 0.505448 0.71569 0.325816 0.397443 0.102847 0.846309 0.675283 
0.595965 0.354564 0.78576 0.0641194 0.934629 0.442122 0.355083 0.432112 0.885708 0.574114 
0.552232 0.41496 0.153874 0.301096 0.231697 0.429914 0.0444349 0.535905 0.669332 0.10715 
0.794458 0.684927 0.792718 0.722831 0.898099 0.797357 0.359203 0.790643 0.957396 0.137913 
0.862178 0.467635 0.0895413 0.089877 0.447157 0.930845 0.422193 0.794366 0.61916 0.380779 
0.707694 0.432142 0.0218207 0.828303 0.588031 0.554338 0.0706198 0.320536 0.541154 0.368236 
0.720359 0.763115 0.0402844 0.384381 0.1489 0.993805 0.957396 0.331156 0.638356 0.264595 
0.741905 0.7434 0.434339 0.788324 0.406384 0.130894 0.865383 0.505722 0.849727 0.133335 
0.503067 0.729698 0.54976 0.567827 0.644795 0.822657 0.156041 0.775079 0.899594 0.563311 
0.0145573 0.170934 0.159093 0.359264 0.154942 0.40907 0.734428 0.961486 0.77221 0.0611896 
0.940123 0.836818 0.733634 0.22129 0.906857 0.855373 0.142369 0.939756 0.903897 0.448195 
0.488968 0.893887 0.952391 0.892148 0.421888 0.201117 0.0111393 0.877773 0.668752 0.780969 
0.515702 0.0168767 0.138707 0.171789 0.552324 0.445692 0.738273 0.209449 0.447981 0.179785 
0.930754 0.473098 0.0576495 0.377575 0.571551 0.904904 0.529893 0.167974 0.0497452 0.509842 
0.832484 0.198889 0.267861 0.542039 0.818934 0.56267 0.490402 0.0833155 0.117252 0.254616 
0.593158 0.42085 0.622303 0.821223 0.74395 0.129795 0.872829 0.35371 0.0462966 0.26722 
0.0945158 0.484024 0.177313 0.583697 0.190466 0.538591 0.550768 0.158635 0.459975 0.50676 
0.0369579 0.365825 0.327189 0.979827 0.770684 0.575121 0.860744 0.717185 0.0777306 0.496811 
0.365703 0.995514 0.0525224 0.574908 0.829066 0.397351 0.816828 0.335246 0.499802 0.195807 
0.991516 0.0952788 0.385174 0.9906 0.412641 0.941069 0.944273 0.752678 0.62273 0.378307 
0.75988 0.933409 0.168706 0.563646 0.47026 0.794092 0.237861 0.521714 0.742119 0.61272 
0.662709 0.255348 0.565355 0.923826 0.826502 0.154454 0.651845 0.447768 0.500168 0.609699 
0.218635 0.865841 0.142369 0.237831 0.937437 0.0971709 0.693533 0.624531 0.331004 0.233924 
0.395093 0.990936 0.398541 0.790979 0.665944 0.69042 0.750298 0.42613 0.566179 0.941618 
0.0336314 0.787622 0.880306 0.70394 0.931272 0.644337 0.350749 0.102176 0.512711 0.956053 
0.0930509 0.305918 0.220985 0.0388195 0.723838 0.270333 0.274911 0.482742 0.2331 0.244728 
0.768914 0.977752 0.131748 0.454726 0.251228 0.703696 0.90582 0.864589 0.0619526 0.441633 
0.308542 0.425886 0.212104 0.0614338 0.521775 0.718772 0.0847499 0.543077 0.717399 0.391949 
0.740104 0.187109 0.0507828 0.307932 0.10477 0.171056 0.616962 0.799493 0.827631 0.107517 
0.40083 0.943541 0.0824305 0.760704 0.752953 0.259194 0.0994598 0.577136 0.421827 0.735801 
0.706381 0.187506 0.674276 0.596851 0.660573 0.535051 0.534623 0.707297 0.0534684 0.787225 
0.674703 0.02884 0.56859 0.687124 0.984985 0.0310373 0.874142 0.500137 0.359111 0.463179 
0.9317 0.212958 0.722282 0.393963 0.502304 0.14066 0.835017 0.925138 0.63094 0.598041 
0.903653 0.484939 0.390759 0.791955 0.528764 0.108066 0.668325 0.590503 0.0226447 0.608234 
0.271218 0.325297 0.627186 0.0492874 0.139073 0.283425 0.663411 0.421796 0.939451 0.0448012 
0.143895 0.930662 0.829554 0.321787 0.879391 0.800439 0.665456 0.456771 0.610645 0.00448622 
0.439711 0.234413 0.197211 0.824213 0.228675 0.164342 0.39378 0.644398 0.430952 0.89114 
0.245827 0.891598 0.578082 0.887051 0.635701 0.52089 0.498672 0.0846889 0.0101627 0.957945 
0.117374 0.605121 0.821162 0.90231 0.669881 0.237892 0.710227 0.898495 0.615101 0.829371 
0.96878 0.0805383 0.0259407 0.235542 0.304727 0.996979 0.73986 0.995453 0.44731 0.921842 
0.0502335 0.381512 0.620441 0.55858 0.220405 0.983428 0.417219 0.542528 0.600726 0.480819 
0.105594 0.648488 0.630848 0.762413 0.897 0.109836 0.507645 0.0465102 0.209174 0.955016 
0.800745 0.16007 0.454512 0.767785 0.796228 0.631947 0.384686 0.777917 0.850368 0.757073 
0.523545 0.687735 0.534288 0.287484 0.718986 0.141636 0.850795 0.906644 0.345073 0.244301 
0.304849 0.142918 0.186224 0.0337535 0.108951 0.879208 0.533769 0.316233 0.303995 0.114109 
0.526963 0.76809 0.0780358 0.131718 0.269356 0.711966 0.0632038 0.735374 0.751732 0.472915 
0.892483 0.702445 0.11301 0.720634 0.797327 0.116153 0.27018 0.70455 0.528031 0.730247 
0.448805 0.787652 0.376965 0.0234077 0.644948 0.185308 0.587146 0.0992767 0.550096 0.315622 
0.926389 0.0884121 0.970428 0.667043 0.709006 0.208441 0.270913 0.590106 0.0459609 0.138829 
0.876858 0.919187 0.604663 0.866024 0.362407 0.830378 0.659963 0.655812 0.159124 0.842219 
0.717246 0.308939 0.414197 0.365123 0.489151 0.355937 0.0307321 0.705893 0.507065 0.347728 
0.42082 0.93347 0.148473 0.898343 0.00262459 0.512467 0.361827 0.635639 0.973144 0.110416 
0.869686 0.716636 0.387188 0.485061 0.131748 0.0633869 0.0747093 0.857997 0.849025 0.976043 
0.427015 0.680898 0.289773 0.278726 0.58327 0.200659 0.219794 0.655385 0.0489822 0.729545 
0.716605 0.330821 0.277017 0.026429 0.650227 0.754082 0.243049 0.696249 0.110965 0.439833 
0.546159 0.0124516 0.565905 0.624256 0.0661946 0.0702536 0.024781 0.891598 0.709189 0.675832 
0.997497 0.427686 0.271371 0.878079 0.523209 0.0568255 0.954375 0.549394 0.0534989 0.717887 
0.561235 0.921537 0.469924 0.536119 0.906095 0.482528 0.0177618 0.14713 0.467299 0.141453 
0.437147 0.428968 0.816431 0.0669271 0.0722983 0.298471 0.853664 0.105686 0.240974 0.72869 
0.381237 0.187445 0.644734 0.642811 0.0459609 0.622425 0.101382 0.841762 0.181951 0.697653 
0.381146 0.620869 0.585345 0.478408 0.427412 0.232398 0.75164 0.220862 0.743614 0.850215 
0.607257 0.302438 0.227332 0.192114 0.266549 0.075869 0.232948 0.45735 0.845424 0.553484 
0.143895 0.734184 0.862697 0.327647 0.236305 0.534776 0.260781 0.633931 0.114353 0.613239 
0.576891 0.963103 0.499832 0.722922 0.295328 0.127964 0.655721 0.469741 0.91345 0.191931 
0.226356 0.917203 0.75103 0.1648 0.774743 0.0996124 0.0355235 0.872555 0.798059 0.10007 
0.293741 0.907071 0.503342 0.84872 0.581439 0.0624714 0.123966 0.298135 0.582141 0.163823 
0.0585345 0.132206 0.106143 0.694571 0.612964 0.663961 0.0215461 0.129215 0.627735 0.0794092 
0.147679 0.377422 0.770989 0.68337 0.14304 0.245399 0.778802 0.30314 0.918485 0.32139 
0.424085 0.507248 0.607044 0.191046 0.495254 0.794183 0.621754 0.389294 0.565844 0.408734 
0.832484 0.994629 0.836451 0.940977 0.393109 0.272225 0.830134 0.365154 0.250587 0.272439 
0.222633 0.674032 0.866726 0.790246 0.588672 0.76516 0.183905 0.592303 0.345256 0.735527 
0.366802 0.318217 0.673849 0.240547 0.350017 0.961425 0.701987 0.0737938 0.724113 0.33665 
0.726188 0.623615 0.9906 0.439955 0.756951 0.362987 0.717246 0.107425 0.16718 0.0288705 
0.625263 0.879208 0.725822 0.647298 0.139073 0.474563 0.796838 0.060213 0.430525 0.784845 
0.986084 0.110843 0.488174 0.790002 0.0162664 0.143071 0.243599 0.305277 0.112003 0.972015 
0.285226 0.964385 0.675588 0.98117 0.191473 0.344859 0.535112 0.502976 0.0143437 0.642842 
0.546312 0.138737 0.944639 0.802271 0.828913 0.174322 0.689688 0.505875 0.419141 0.747612 
0.596026 0.933653 0.619434 0.924528 0.0465407 0.694968 0.826655 0.33903 0.165044 0.84106 
0.120151 0.55443 0.358074 0.363445 0.39082 0.800928 0.726432 0.0855129 0.292276 0.246925 
0.876522 0.352306 0.795831 0.4597 0.163976 0.425642 0.629841 0.211371 0.899625 0.990875 
0.38554 0.287454 0.54976 0.680563 0.569811 0.453108 0.46205 0.0226753 0.386456 0.233985 
0.14774 0.718375 0.527421 0.66802 0.651936 0.656301 0.754967 0.683737 0.0428785 0.569445 
0.556078 0.262123 0.551988 0.740959 0.650349 0.037843 0.39494 0.664663 0.63274 0.496048 
0.806238 0.0674154 0.532243 0.421247 0.317423 0.198645 0.567949 0.754509 0.811151 0.793878 
0.883419 0.514695 0.38142 0.618183 0.541063 0.940947 0.532212 0.996429 0.557298 0.511673 
0.744682 0.235328 0.260292 0.99704 0.945341 0.345134 0.750755 0.200568 0.905332 0.96585 
0.748009 0.547075 0.103092 0.904813 0.601642 0.171667 0.0808435 0.192297 0.750786 0.667806 
0.826441 0.0604877 0.411573 0.149144 0.212012 0.752647 0.774621 0.782647 0.020661 0.568621 
0.493423 0.448073 0.591815 0.0531327 0.745048 0.681326 0.617298 0.732566 0.644185 0.556566 
0.119175 0.306925 0.292306 0.664571 0.140141 0.703391 0.242439 0.842738 0.178198 0.897092 
0.66155 0.813379 0.896878 0.905881 0.971129 0.386639 0.141728 0.865139 0.247871 0.38374 
0.795312 0.589038 0.165105 0.937529 0.500504 0.524125 0.756645 0.32606 0.784997 0.501999 
0.78399 0.995697 0.616871 0.196966 0.988556 0.929807 0.923429 0.694906 0.00955229 0.0195318 
0.103854 0.0798364 0.249641 0.592853 0.067568 0.444472 0.468581 0.757683 0.829035 0.230323 
0.386853 0.716208 0.190283 0.30488 0.0804468 0.705863 0.54326 0.680715 0.447707 0.723472 
0.321635 0.28367 0.529801 0.689077 0.134892 0.67629 0.96585 0.205298 0.115268 0.142277 
0.364177 0.568621 0.508438 0.0386975 0.870876 0.189032 0.0400403 0.822047 0.716697 0.0740074 
0.0885342 0.654134 0.0238044 0.533189 0.196173 0.994812 0.653706 0.760125 0.948912 0.086642 
0.377087 0.447005 0.756798 0.738914 0.147465 0.089114 0.566179 0.316385 0.759606 0.134892 
0.0343333 0.339702 0.673727 0.637654 0.198859 0.602985 0.287149 0.566088 0.17188 0.215552 
0.434462 0.428694 0.891293 0.473708 0.39732 0.369152 0.459639 0.968596 0.205481 0.388653 
0.102359 0.836909 0.509812 0.851436 0.276284 0.56032 0.809137 0.929502 0.959716 0.220038 
0.311502 0.14362 0.655446 0.612598 0.21189 0.655629 0.138218 0.133274 0.666677 0.469375 
0.477035 0.833369 0.247078 0.195959 0.364422 0.557482 0.152104 0.53972 0.28367 0.567309 
0.962554 0.161077 0.545 0.557695 0.217261 0.0726951 0.72216 0.471816 0.593127 0.225074 
0.520829 0.0213019 0.969451 0.437788 0.609729 0.317667 0.158605 0.332682 0.445936 0.521439 
0.583941 0.425459 0.62566 0.914853 0.686117 0.0313425 0.791436 0.305063 0.339213 0.14185 
0.627522 0.163244 0.0579547 0.92819 0.974242 0.406476 0.277017 0.028077 0.592639 0.228523 
0.484115 0.271981 0.611103 0.885464 0.487564 0.00491348 0.184484 0.842891 0.600055 0.66036 
0.397626 0.190527 0.0196539 0.742271 0.944182 0.730857 0.189276 0.87167 0.611988 0.64742 
0.415937 0.0537126 0.106632 0.159978 0.531053 0.822077 0.243812 0.0719932 0.872951 0.416059 
0.0422987 0.61681 0.372936 0.647633 0.748405 0.509018 0.0262459 0.613849 0.323374 0.607379 
0.528672 0.911283 0.425184 0.0949736 0.360759 0.508866 0.415204 0.583331 0.100558 0.934843 
0.42201 0.0466323 0.245766 0.934721 0.992767 0.99237 0.327342 0.25602 0.363842 0.774255 
0.59505 0.716361 0.881985 0.454299 0.0567034 0.210669 0.606739 0.119785 0.152165 0.8146 
0.62624 0.0616169 0.843135 0.639454 0.116733 0.720328 0.400494 0.595599 0.677725 0.805536 
0.670217 0.720176 0.973754 0.49617 0.0984832 0.225532 0.213843 0.126408 0.298654 0.924711 
0.500504 0.264382 0.439741 0.189947 0.578661 0.589862 0.238838 0.100955 0.0164495 0.476791 
0.838221 0.938475 0.349162 0.687338 0.348338 0.680074 0.216651 0.0833766 0.338328 0.654134 
0.0268868 0.761986 0.0546892 0.00820948 0.175604 0.520707 0.650166 0.148106 0.354167 0.0594501 
0.20307 0.803888 0.976379 0.824946 0.809626 0.879147 0.255623 0.903653 0.528916 0.739708 
0.964171 0.870296 0.463546 0.0980255 0.404492 0.997406 0.755547 0.149571 0.625599 0.732322 
0.779931 0.117283 0.414106 0.848445 0.316813 0.860714 0.0923185 0.176092 0.983032 0.705618 
0.654195 0.320078 0.704917 0.150639 0.270119 0.26957 0.513443 0.607318 0.692496 0.306986 
0.442793 0.829218 0.592639 0.12183 0.813562 0.187048 0.360881 0.535997 0.682089 0.445662 
0.400433 0.746452 0.737297 0.199194 0.447005 0.491867 0.42552 0.620685 0.944853 0.049501 
0.585589 0.682455 0.0106204 0.468062 0.374645 0.503342 0.0168157 0.943327 0.766381 0.979278 
0.324961 0.742576 0.402631 0.353191 0.200964 0.584246 0.0798669 0.880612 0.443129 0.878628 
0.651753 0.247322 0.754326 0.736351 0.62862 0.89523 0.389569 0.150548 0.25605 0.912412 
0.110294 0.259377 0.352641 0.644307 0.976501 0.0944853 0.689169 0.681539 0.00769066 0.722343 
0.189734 0.380993 0.245125 0.18424 0.736778 0.576525 0.244453 0.141484 0.860469 0.634999 
0.532365 0.631947 0.0943632 0.514756 0.0565813 0.843867 0.27839 0.981964 0.161901 0.313974 
0.589923 0.641346 0.122227 0.455367 0.585253 0.938108 0.760949 0.82168 0.0314646 0.786065 
0.190313 0.0141301 0.81109 0.979736 0.20127 0.637135 0.67983 0.0452895 0.334697 0.208899 
0.159398 0.687735 0.165899 0.433882 0.346202 0.489395 0.832972 0.742149 0.917295 0.017243 
0.340495 0.502914 0.114872 0.994354 0.670278 0.818354 0.990661 0.692007 0.229499 0.303171 
0.690939 0.198981 0.668386 0.757469 0.064272 0.723899 0.597919 0.137577 0.372692 0.586993 
0.239509 0.733024 0.387127 0.0576495 0.537431 0.953673 0.649648 0.69396 0.765252 0.635456 
0.182318 0.340251 0.157933 0.269326 0.42494 0.439375 0.600391 0.0604572 0.682394 0.815455 
0.903928 0.223823 0.863033 0.583667 0.701926 0.422224 0.789453 0.343303 0.495895 0.753288 
0.862484 0.31019 0.882992 0.191565 0.360302 0.544816 0.496719 0.89169 0.153386 0.932432 
0.69161 0.259468 0.116642 0.0712912 0.503159 0.196509 0.0202643 0.72573 0.914762 0.425214 
0.180181 0.999115 0.962157 0.299661 0.649648 0.884671 0.707205 0.00964385 0.232826 0.348918 
0.612201 0.583087 0.102512 0.604816 0.345408 0.593616 0.301798 0.730491 0.549944 0.979675 
0.912351 0.289926 0.606433 0.881008 0.169774 0.112033 0.921384 0.898984 0.307443 0.883908 
0.771874 0.687185 0.410138 0.714896 0.23838 0.278024 0.0587481 0.327799 0.256722 0.0522782 
0.0470901 0.0329295 0.320139 0.757134 0.952483 0.141972 0.863369 0.479446 0.840785 0.977203 
0.859401 0.98056 0.887722 0.132969 0.66036 0.298105 0.197394 0.145268 0.613971 0.0224006 
0.59917 0.225654 0.486373 0.152257 0.70452 0.21601 0.223182 0.937468 0.00473037 0.420179 
0.0792566 0.613758 0.291055 0.468917 0.649281 0.43672 0.178198 0.874111 0.829707 0.920621 
0.0126041 0.428785 0.24366 0.688498 0.946959 0.109256 0.160222 0.840205 0.46147 0.635151 
0.438581 0.243873 0.114444 0.344035 0.529283 0.657674 0.801813 0.536851 0.0632038 0.0877712 
0.308115 0.950163 0.0597858 0.289102 0.429823 0.511551 0.285348 0.8146 0.451827 0.0347911 
0.793451 0.519852 0.259011 0.0102847 0.177679 0.928953 0.863674 0.147771 0.569231 0.36784 
0.630238 0.827052 0.909177 0.271584 0.978515 0.113285 0.527726 0.571764 0.846797 0.493118 
0.56148 0.570055 0.6957 0.987243 0.239601 0.204505 0.334697 0.796838 0.570482 0.114536 
0.351726 0.138981 0.459944 0.411237 0.427839 0.428022 0.792505 0.558641 0.31785 0.458663 
0.50676 0.272866 0.77813 0.74752 0.195868 0.845088 0.222846 0.688955 0.265145 0.794244 
0.390484 0.681692 0.17719 0.2566 0.800562 0.882321 0.816218 0.0174261 0.283273 0.741997 
0.502884 0.591754 0.362468 0.982849 0.690756 0.260018 0.773278 0.1695 0.875515 0.465438 
0.895718 0.533433 0.748375 0.478408 0.385846 0.204474 0.125095 0.735069 0.785272 0.507797 
0.681326 0.756005 0.39021 0.480789 0.0258492 0.0509964 0.161962 0.267403 0.143345 0.916654 
0.95941 0.545518 0.737144 0.532548 0.875027 0.643666 0.503739 0.262764 0.955687 0.503586 
0.870266 0.568621 0.0895718 0.144719 0.22602 0.438765 0.340403 0.787042 0.179571 0.743584 
0.50969 0.28779 0.872127 0.419172 0.209418 0.0498062 0.879177 0.888058 0.225501 0.0559099 
0.731071 0.622089 0.453169 0.18717 0.584033 0.254555 0.186377 0.480148 0.0729087 0.147252 
0.0416883 0.480239 0.876644 0.818537 0.298227 0.346568 0.0278329 0.139561 0.934996 0.865505 
0.498154 0.703879 0.146367 0.0282601 0.0897855 0.2772 0.618 0.329417 0.165105 0.733787 
0.342998 0.442396 0.245552 0.38496 0.260903 0.4279 0.0105899 0.106723 0.500015 0.132206 
0.72866 0.172491 0.504257 0.930815 0.650716 0.196936 0.826594 0.474136 0.398175 0.0976287 
0.869045 0.59154 0.876064 0.480422 0.351817 0.00967437 0.742759 0.354717 0.791864 0.0415662 
0.967986 0.585589 0.772485 0.902646 0.509384 0.987762 0.285226 0.809961 0.640156 0.4691 
0.925504 0.520951 0.957518 0.128758 0.22251 0.467818 0.604907 0.716758 0.885769 0.143834 
0.737693 0.361095 0.248268 0.898007 0.764611 0.968993 0.688803 0.793878 0.395703 0.207648 
0.313334 0.689444 0.0281075 0.471938 0.678243 0.193762 0.501328 0.744224 0.834925 0.65685 
